    0.000000000    0.000000460    0.000001119
    0.139071245    0.000000458    0.000001114
    0.278142491    0.000000470    0.000001144
    0.417213736    0.000000498    0.000001210
    0.556284981    0.000000542    0.000001314
    0.695356226    0.000000603    0.000001460
    0.834427472    0.000000685    0.000001653
    0.973498717    0.000000788    0.000001898
    1.112569962    0.000000915    0.000002205
    1.251641208    0.000001070    0.000002583
    1.390712453    0.000001260    0.000003045
    1.529783698    0.000001491    0.000003608
    1.668854943    0.000001769    0.000004289
    1.807926189    0.000002099    0.000005114
    1.946997434    0.000002496    0.000006112
    2.086068679    0.000002973    0.000007319
    2.225139925    0.000003547    0.000008779
    2.364211170    0.000004233    0.000010548
    2.503282415    0.000005050    0.000012695
    2.642353660    0.000006029    0.000015305
    2.781424906    0.000007210    0.000018483
    2.920496151    0.000008631    0.000022363
    3.059567396    0.000010336    0.000027114
    3.198638642    0.000012380    0.000032947
    3.337709887    0.000014842    0.000040130
    3.476781132    0.000017820    0.000049002
    3.615852377    0.000021423    0.000060001
    3.754923623    0.000025774    0.000073687
    3.893994868    0.000031038    0.000090779
    4.033066113    0.000037438    0.000112203
    4.172137359    0.000045250    0.000139160
    4.311208604    0.000054800    0.000173217
    4.450279849    0.000066479    0.000216408
    4.589351094    0.000080802    0.000271382
    4.728422340    0.000098456    0.000341585
    4.867493585    0.000120316    0.000431517
    5.006564830    0.000147449    0.000547032
    5.145636076    0.000181202    0.000695717
    5.284707321    0.000223346    0.000887337
    5.423778566    0.000276246    0.001134384
    5.562849811    0.000342951    0.001452694
    5.701921057    0.000427336    0.001862044
    5.840992302    0.000534405    0.002386644
    5.980063547    0.000670802    0.003055304
    6.119134793    0.000845356    0.003900984
    6.258206038    0.001069594    0.004959213
    6.397277283    0.001358406    0.006265146
    6.536348528    0.001731187    0.007849940
    6.675419774    0.002213452    0.009738334
    6.814491019    0.002838550    0.011949075
    6.953562264    0.003649276    0.014496941
    7.092633510    0.004699777    0.017390566
    7.231704755    0.006058160    0.020619956
    7.370776000    0.007809173    0.024138280
    7.509847245    0.010055378    0.027858440
    7.648918491    0.012915461    0.031680812
    7.787989736    0.016518931    0.035533117
    7.927060981    0.020994517    0.039378647
    8.066132227    0.026446239    0.043182098
    8.205203472    0.032914641    0.046876952
    8.344274717    0.040338853    0.050375759
    8.483345962    0.048556938    0.053608723
    8.622417208    0.057372368    0.056546959
    8.761488453    0.066647902    0.059193951
    8.900559698    0.076300366    0.061563341
    9.039630944    0.086071245    0.063664744
    9.178702189    0.095179162    0.065503314
    9.317773434    0.102346583    0.067086905
    9.456844679    0.106601555    0.068433138
    9.595915925    0.108221606    0.069572799
    9.734987170    0.108469172    0.070550398
    9.874058415    0.108085710    0.071424784
   10.013129661    0.106423708    0.072272466
   10.152200906    0.102403099    0.073194630
   10.291272151    0.095958104    0.074325351
   10.430343396    0.088177431    0.075831928
   10.569414642    0.080308446    0.077892282
   10.708485887    0.072975093    0.080639630
   10.847557132    0.066198578    0.084089260
   10.986628378    0.059829060    0.088095262
   11.125699623    0.053888800    0.092392170
   11.264770868    0.048659604    0.096721960
   11.403842113    0.044594001    0.100951839
   11.542913359    0.042197861    0.105061896
   11.681984604    0.041982052    0.109004414
   11.821055849    0.044497056    0.112591190
   11.960127095    0.050413889    0.115542210
   12.099198340    0.060588168    0.117643397
   12.238269585    0.075985713    0.118854702
   12.377340830    0.097278382    0.119294443
   12.516412076    0.124030727    0.119155117
   12.655483321    0.153841055    0.118631896
   12.794554566    0.182286456    0.117892180
   12.933625812    0.204421265    0.117071461
   13.072697057    0.217456014    0.116275450
   13.211768302    0.222537945    0.115580540
   13.350839547    0.223283424    0.115033692
   13.489910793    0.221702967    0.114653880
   13.628982038    0.215768784    0.114434050
   13.768053283    0.201645567    0.114340653
   13.907124529    0.178120939    0.114309029
   14.046195774    0.148372341    0.114236171
   14.185267019    0.117821955    0.113976350
   14.324338264    0.090939081    0.113348633
   14.463409510    0.069744573    0.112165679
   14.602480755    0.054238538    0.110284400
   14.741552000    0.043511078    0.107661246
   14.880623246    0.036556267    0.104380947
   15.019694491    0.032585004    0.100632626
   15.158765736    0.031048430    0.096634826
   15.297836981    0.031581711    0.092552448
   15.436908227    0.033940667    0.088472797
   15.575979472    0.037928730    0.084468423
   15.715050717    0.043320195    0.080684079
   15.854121963    0.049819784    0.077347505
   15.993193208    0.057102217    0.074681131
   16.132264453    0.064921672    0.072794802
   16.271335698    0.073190308    0.071647260
   16.410406944    0.081873374    0.071087679
   16.549478189    0.090646755    0.070928063
   16.688549434    0.098584163    0.070999147
   16.827620680    0.104426827    0.071174981
   16.966691925    0.107544438    0.071374596
   17.105763170    0.108572714    0.071553981
   17.244834415    0.108635485    0.071697280
   17.383905661    0.107890459    0.071811426
   17.522976906    0.105336376    0.071925883
   17.662048151    0.100154681    0.072097950
   17.801119397    0.092763698    0.072422153
   17.940190642    0.084412658    0.073037742
   18.079261887    0.076147203    0.074121476
   18.218333132    0.068351448    0.075850385
   18.357404378    0.060995676    0.078332702
   18.496475623    0.054048932    0.081537685
   18.635546868    0.047681422    0.085282743
   18.774618114    0.042232624    0.089313517
   18.913689359    0.038087074    0.093428566
   19.052760604    0.035591907    0.097535918
   19.191831849    0.035063005    0.101585358
   19.330903095    0.036851535    0.105456704
   19.469974340    0.041427461    0.108931453
   19.609045585    0.049457209    0.111774145
   19.748116831    0.061838118    0.113838884
   19.887188076    0.079556888    0.115118052
   20.026259321    0.103156114    0.115722029
   20.165330566    0.131774772    0.115825453
   20.304401812    0.162298658    0.115615343
   20.443473057    0.189700504    0.115257454
   20.582544302    0.209253686    0.114881287
   20.721615548    0.219480626    0.114577503
   20.860686793    0.222933373    0.114401830
   20.999758038    0.223195532    0.114381193
   21.138829283    0.220781274    0.114518420
   21.277900529    0.212540065    0.114792828
   21.416971774    0.195272712    0.115156349
   21.556043019    0.169409089    0.115527410
   21.695114265    0.139134653    0.115786100
   21.834185510    0.109675107    0.115774685
   21.973256755    0.084707491    0.115308958
   22.112328000    0.065582930    0.114206998
   22.251399246    0.051997996    0.112337386
   22.390470491    0.043004816    0.109675116
   22.529541736    0.037660185    0.106333935
   22.668612982    0.035241979    0.102536066
   22.807684227    0.035240031    0.098514427
   22.946755472    0.037283291    0.094415177
   23.085826717    0.041056323    0.090296411
   23.224897963    0.046225046    0.086229712
   23.363969208    0.052411129    0.082390636
   23.503040453    0.059252973    0.079031986
   23.642111699    0.066528985    0.076364688
   23.781182944    0.074226776    0.074458543
   23.920254189    0.082405532    0.073233473
   24.059325434    0.090815569    0.072521642
   24.198396680    0.098559585    0.072141148
   24.337467925    0.104352490    0.071941802
   24.476539170    0.107495538    0.071818356
   24.615610416    0.108558120    0.071705117
   24.754681661    0.108644093    0.071566159
   24.893752906    0.107926800    0.071388705
   25.032824151    0.105399126    0.071181940
   25.171895397    0.100187103    0.070981146
   25.310966642    0.092637393    0.070855848
   25.450037887    0.083959985    0.070918668
   25.589109133    0.075215075    0.071327542
   25.728180378    0.066850572    0.072269132
   25.867251623    0.058928145    0.073912253
   26.006322868    0.051499722    0.076337508
   26.145394114    0.044773516    0.079481295
   26.284465359    0.039065912    0.083147694
   26.423536604    0.034686155    0.087100030
   26.562607850    0.031874617    0.091164347
   26.701679095    0.030825745    0.095252151
   26.840750340    0.031760171    0.099289661
   26.979821585    0.035000586    0.103138096
   27.118892831    0.041036292    0.106588836
   27.257964076    0.050583228    0.109433884
   27.397035321    0.064598761    0.111550281
   27.536106567    0.084080175    0.112942845
   27.675177812    0.109404624    0.113729865
   27.814249057    0.139242473    0.114091661
   27.953320302    0.169792871    0.114215182
   28.092391548    0.195634355    0.114257859
   28.231462793    0.212596049    0.114334750
   28.370534038    0.220582830    0.114520719
   28.509605284    0.223072555    0.114857717
   28.648676529    0.223046694    0.115360533
   28.787747774    0.219624758    0.116018359
   28.926819019    0.209213532    0.116793135
   29.065890265    0.189614155    0.117617581
   29.204961510    0.162533028    0.118394855
   29.344032755    0.132582540    0.118998507
   29.483104001    0.104576144    0.119270618
   29.622175246    0.081562600    0.119022597
   29.761246491    0.064476712    0.118055623
   29.900317736    0.052868313    0.116220371
   30.039388982    0.045794838    0.113504018
   30.178460227    0.042350502    0.110075196
   30.317531472    0.041815788    0.106211448
   30.456602718    0.043616890    0.102140452
   30.595673963    0.047241157    0.097945518
   30.734745208    0.052183040    0.093637737
   30.873816453    0.057965143    0.089308331
   31.012887699    0.064240753    0.085187294
   31.151958944    0.070906095    0.081553775
   31.291030189    0.078080395    0.078597891
   31.430101435    0.085836780    0.076349835
   31.569172680    0.093758798    0.074703059
   31.708243925    0.100737800    0.073485182
   31.847315170    0.105523439    0.072521794
   31.986386416    0.107788020    0.071668351
   32.125457661    0.108428352    0.070814820
   32.264528906    0.108380632    0.069878410
   32.403600152    0.107298957    0.068795631
   32.542671397    0.103903997    0.067517854
   32.681742642    0.097531733    0.066010104
   32.820813887    0.088859809    0.064250851
   32.959885133    0.079189825    0.062229743
   33.098956378    0.069480247    0.059941563
   33.238027623    0.060105822    0.057378477
   33.377098869    0.051161727    0.054527357
   33.516170114    0.042757548    0.051379738
   33.655241359    0.035080652    0.047953250
   33.794312604    0.028314695    0.044306776
   33.933383850    0.022555641    0.040526714
   34.072455095    0.017791970    0.036688788
   34.211526340    0.013935315    0.032835596
   34.350597586    0.010861776    0.028998892
   34.489668831    0.008440717    0.025239229
   34.628740076    0.006549523    0.021651687
   34.767811321    0.005080460    0.018330970
   34.906882567    0.003943388    0.015336337
   35.045953812    0.003065378    0.012686605
   35.185025057    0.002388310    0.010376723
   35.324096303    0.001866134    0.008393205
   35.463167548    0.001462777    0.006718868
   35.602238793    0.001150499    0.005331199
   35.741310038    0.000908210    0.004201035
   35.880381284    0.000719781    0.003294202
   36.019452529    0.000572736    0.002575005
   36.158523774    0.000457472    0.002009521
   36.297595020    0.000366732    0.001567608
   36.436666265    0.000295066    0.001223663
   36.575737510    0.000238297    0.000956597
   36.714808755    0.000193141    0.000749433
   36.853880001    0.000157032    0.000588722
   36.992951246    0.000128030    0.000463924
   37.132022491    0.000104680    0.000366836
   37.271093737    0.000085840    0.000291114
   37.410164982    0.000070578    0.000231878
   37.549236227    0.000058151    0.000185388
   37.688307472    0.000047994    0.000148772
   37.827378718    0.000039686    0.000119824
   37.966449963    0.000032885    0.000096847
   38.105521208    0.000027299    0.000078537
   38.244592454    0.000022686    0.000063892
   38.383663699    0.000018867    0.000052135
   38.522734944    0.000015709    0.000042663
   38.661806189    0.000013099    0.000035002
   38.800877435    0.000010935    0.000028786
   38.939948680    0.000009132    0.000023728
   39.079019925    0.000007627    0.000019600
   39.218091171    0.000006376    0.000016222
   39.357162416    0.000005338    0.000013450
   39.496233661    0.000004474    0.000011170
   39.635304906    0.000003750    0.000009292
   39.774376152    0.000003143    0.000007743
   39.913447397    0.000002637    0.000006464
   40.052518642    0.000002216    0.000005406
   40.191589888    0.000001867    0.000004530
   40.330661133    0.000001573    0.000003807
   40.469732378    0.000001328    0.000003210
   40.608803623    0.000001126    0.000002718
   40.747874869    0.000000960    0.000002316
   40.886946114    0.000000825    0.000001988
   41.026017359    0.000000714    0.000001724
   41.165088605    0.000000626    0.000001515
   41.304159850    0.000000559    0.000001355
   41.443231095    0.000000510    0.000001238
   41.582302340    0.000000477    0.000001161
