    0.000000000    0.000000000    0.000000000
    0.139071245    0.000040772    0.000040660
    0.278142491    0.000081518    0.000080491
    0.417213736    0.000122317    0.000118847
    0.556284981    0.000163036    0.000155563
    0.695356226    0.000203859    0.000190669
    0.834427472    0.000244559    0.000224154
    0.973498717    0.000285394    0.000256023
    1.112569962    0.000326093    0.000286273
    1.251641208    0.000366912    0.000314906
    1.390712453    0.000407656    0.000341922
    1.529783698    0.000448376    0.000367319
    1.668854943    0.000489330    0.000391099
    1.807926189    0.000529564    0.000413261
    1.946997434    0.000571956    0.000433806
    2.086068679    0.000603471    0.000452733
    2.225139925    0.000608192    0.000470042
    2.364211170    0.000602036    0.000485733
    2.503282415    0.000598037    0.000499807
    2.642353660    0.000593321    0.000512263
    2.781424906    0.000588836    0.000523102
    2.920496151    0.000584328    0.000532323
    3.059567396    0.000579747    0.000539926
    3.198638642    0.000575280    0.000545911
    3.337709887    0.000570688    0.000550279
    3.476781132    0.000566215    0.000553030
    3.615852377    0.000561638    0.000554160
    3.754923623    0.000557145    0.000553679
    3.893994868    0.000552591    0.000551561
    4.033066113    0.000548075    0.000547962
    4.172137359    0.000543541    0.000543553
    4.311208604    0.000539008    0.000539008
    4.450279849    0.000534488    0.000534483
    4.589351094    0.000529945    0.000529952
    4.728422340    0.000525431    0.000525423
    4.867493585    0.000520886    0.000520893
    5.006564830    0.000516370    0.000516364
    5.145636076    0.000511829    0.000511834
    5.284707321    0.000507308    0.000507305
    5.423778566    0.000502774    0.000502776
    5.562849811    0.000498246    0.000498246
    5.701921057    0.000493718    0.000493716
    5.840992302    0.000489184    0.000489187
    5.980063547    0.000484661    0.000484657
    6.119134793    0.000480124    0.000480128
    6.258206038    0.000475602    0.000475598
    6.397277283    0.000471066    0.000471069
    6.536348528    0.000466542    0.000466539
    6.675419774    0.000462008    0.000462010
    6.814491019    0.000457481    0.000457480
    6.953562264    0.000452951    0.000452951
    7.092633510    0.000448421    0.000448421
    7.231704755    0.000443893    0.000443892
    7.370776000    0.000439360    0.000439362
    7.509847245    0.000434835    0.000434833
    7.648918491    0.000430301    0.000430303
    7.787989736    0.000425776    0.000425774
    7.927060981    0.000421243    0.000421244
    8.066132227    0.000416716    0.000416715
    8.205203472    0.000412185    0.000412185
    8.344274717    0.000407656    0.000407656
    8.483345962    0.000403127    0.000403126
    8.622417208    0.000398596    0.000398597
    8.761488453    0.000394069    0.000394067
    8.900559698    0.000389536    0.000389538
    9.039630944    0.000385010    0.000385008
    9.178702189    0.000380477    0.000380479
    9.317773434    0.000375950    0.000375949
    9.456844679    0.000371419    0.000371420
    9.595915925    0.000366891    0.000366890
    9.734987170    0.000362361    0.000362361
    9.874058415    0.000357831    0.000357831
   10.013129661    0.000353302    0.000353302
   10.152200906    0.000348771    0.000348772
   10.291272151    0.000344244    0.000344243
   10.430343396    0.000339712    0.000339713
   10.569414642    0.000335185    0.000335184
   10.708485887    0.000330653    0.000330654
   10.847557132    0.000326125    0.000326125
   10.986628378    0.000321595    0.000321595
   11.125699623    0.000317066    0.000317066
   11.264770868    0.000312536    0.000312536
   11.403842113    0.000308006    0.000308007
   11.542913359    0.000303478    0.000303477
   11.681984604    0.000298947    0.000298948
   11.821055849    0.000294419    0.000294418
   11.960127095    0.000289888    0.000289889
   12.099198340    0.000285360    0.000285359
   12.238269585    0.000280829    0.000280830
   12.377340830    0.000276300    0.000276300
   12.516412076    0.000271771    0.000271771
   12.655483321    0.000267241    0.000267241
   12.794554566    0.000262712    0.000262712
   12.933625812    0.000258181    0.000258182
   13.072697057    0.000253653    0.000253652
   13.211768302    0.000249122    0.000249123
   13.350839547    0.000244594    0.000244593
   13.489910793    0.000240063    0.000240064
   13.628982038    0.000235535    0.000235534
   13.768053283    0.000231005    0.000231005
   13.907124529    0.000226475    0.000226475
   14.046195774    0.000221946    0.000221946
   14.185267019    0.000217416    0.000217416
   14.324338264    0.000212887    0.000212887
   14.463409510    0.000208357    0.000208357
   14.602480755    0.000203829    0.000203828
   14.741552000    0.000199298    0.000199298
   14.880623246    0.000194769    0.000194769
   15.019694491    0.000190239    0.000190239
   15.158765736    0.000185710    0.000185710
   15.297836981    0.000181180    0.000181180
   15.436908227    0.000176651    0.000176651
   15.575979472    0.000172122    0.000172121
   15.715050717    0.000167591    0.000167592
   15.854121963    0.000163063    0.000163062
   15.993193208    0.000158532    0.000158533
   16.132264453    0.000154004    0.000154003
   16.271335698    0.000149473    0.000149474
   16.410406944    0.000144945    0.000144944
   16.549478189    0.000140415    0.000140415
   16.688549434    0.000135885    0.000135885
   16.827620680    0.000131356    0.000131356
   16.966691925    0.000126826    0.000126826
   17.105763170    0.000122297    0.000122297
   17.244834415    0.000117767    0.000117767
   17.383905661    0.000113238    0.000113238
   17.522976906    0.000108708    0.000108708
   17.662048151    0.000104179    0.000104179
   17.801119397    0.000099649    0.000099649
   17.940190642    0.000095120    0.000095120
   18.079261887    0.000090590    0.000090590
   18.218333132    0.000086060    0.000086061
   18.357404378    0.000081531    0.000081531
   18.496475623    0.000077001    0.000077002
   18.635546868    0.000072473    0.000072472
   18.774618114    0.000067942    0.000067943
   18.913689359    0.000063414    0.000063413
   19.052760604    0.000058883    0.000058884
   19.191831849    0.000054354    0.000054354
   19.330903095    0.000049824    0.000049825
   19.469974340    0.000045295    0.000045295
   19.609045585    0.000040766    0.000040766
   19.748116831    0.000036236    0.000036236
   19.887188076    0.000031707    0.000031707
   20.026259321    0.000027177    0.000027177
   20.165330566    0.000022648    0.000022648
   20.304401812    0.000018118    0.000018118
   20.443473057    0.000013589    0.000013589
   20.582544302    0.000009059    0.000009059
   20.721615548    0.000004530    0.000004530
   20.860686793   -0.000000000    0.000000000
   20.999758038   -0.000004530   -0.000004530
   21.138829283   -0.000009059   -0.000009059
   21.277900529   -0.000013589   -0.000013589
   21.416971774   -0.000018118   -0.000018118
   21.556043019   -0.000022648   -0.000022648
   21.695114265   -0.000027177   -0.000027177
   21.834185510   -0.000031707   -0.000031707
   21.973256755   -0.000036236   -0.000036236
   22.112328000   -0.000040766   -0.000040766
   22.251399246   -0.000045295   -0.000045295
   22.390470491   -0.000049824   -0.000049825
   22.529541736   -0.000054354   -0.000054354
   22.668612982   -0.000058883   -0.000058884
   22.807684227   -0.000063414   -0.000063413
   22.946755472   -0.000067942   -0.000067943
   23.085826717   -0.000072473   -0.000072472
   23.224897963   -0.000077001   -0.000077002
   23.363969208   -0.000081531   -0.000081531
   23.503040453   -0.000086060   -0.000086061
   23.642111699   -0.000090590   -0.000090590
   23.781182944   -0.000095120   -0.000095120
   23.920254189   -0.000099649   -0.000099649
   24.059325434   -0.000104179   -0.000104179
   24.198396680   -0.000108708   -0.000108708
   24.337467925   -0.000113238   -0.000113238
   24.476539170   -0.000117767   -0.000117767
   24.615610416   -0.000122297   -0.000122297
   24.754681661   -0.000126826   -0.000126826
   24.893752906   -0.000131356   -0.000131356
   25.032824151   -0.000135885   -0.000135885
   25.171895397   -0.000140415   -0.000140415
   25.310966642   -0.000144945   -0.000144944
   25.450037887   -0.000149473   -0.000149474
   25.589109133   -0.000154004   -0.000154003
   25.728180378   -0.000158532   -0.000158533
   25.867251623   -0.000163063   -0.000163062
   26.006322868   -0.000167591   -0.000167592
   26.145394114   -0.000172122   -0.000172121
   26.284465359   -0.000176651   -0.000176651
   26.423536604   -0.000181180   -0.000181180
   26.562607850   -0.000185710   -0.000185710
   26.701679095   -0.000190239   -0.000190239
   26.840750340   -0.000194769   -0.000194769
   26.979821585   -0.000199298   -0.000199298
   27.118892831   -0.000203829   -0.000203828
   27.257964076   -0.000208357   -0.000208357
   27.397035321   -0.000212887   -0.000212887
   27.536106567   -0.000217416   -0.000217416
   27.675177812   -0.000221946   -0.000221946
   27.814249057   -0.000226475   -0.000226475
   27.953320302   -0.000231005   -0.000231005
   28.092391548   -0.000235535   -0.000235534
   28.231462793   -0.000240063   -0.000240064
   28.370534038   -0.000244594   -0.000244593
   28.509605284   -0.000249122   -0.000249123
   28.648676529   -0.000253653   -0.000253652
   28.787747774   -0.000258181   -0.000258182
   28.926819019   -0.000262712   -0.000262712
   29.065890265   -0.000267241   -0.000267241
   29.204961510   -0.000271771   -0.000271771
   29.344032755   -0.000276300   -0.000276300
   29.483104001   -0.000280829   -0.000280830
   29.622175246   -0.000285360   -0.000285359
   29.761246491   -0.000289888   -0.000289889
   29.900317736   -0.000294419   -0.000294418
   30.039388982   -0.000298947   -0.000298948
   30.178460227   -0.000303478   -0.000303477
   30.317531472   -0.000308006   -0.000308007
   30.456602718   -0.000312536   -0.000312536
   30.595673963   -0.000317066   -0.000317066
   30.734745208   -0.000321595   -0.000321595
   30.873816453   -0.000326125   -0.000326125
   31.012887699   -0.000330653   -0.000330654
   31.151958944   -0.000335185   -0.000335184
   31.291030189   -0.000339712   -0.000339713
   31.430101435   -0.000344244   -0.000344243
   31.569172680   -0.000348771   -0.000348772
   31.708243925   -0.000353302   -0.000353302
   31.847315170   -0.000357831   -0.000357831
   31.986386416   -0.000362361   -0.000362361
   32.125457661   -0.000366891   -0.000366890
   32.264528906   -0.000371419   -0.000371420
   32.403600152   -0.000375950   -0.000375949
   32.542671397   -0.000380477   -0.000380479
   32.681742642   -0.000385010   -0.000385008
   32.820813887   -0.000389536   -0.000389538
   32.959885133   -0.000394069   -0.000394067
   33.098956378   -0.000398596   -0.000398597
   33.238027623   -0.000403127   -0.000403126
   33.377098869   -0.000407656   -0.000407656
   33.516170114   -0.000412185   -0.000412185
   33.655241359   -0.000416716   -0.000416715
   33.794312604   -0.000421243   -0.000421244
   33.933383850   -0.000425776   -0.000425774
   34.072455095   -0.000430301   -0.000430303
   34.211526340   -0.000434835   -0.000434833
   34.350597586   -0.000439360   -0.000439362
   34.489668831   -0.000443893   -0.000443892
   34.628740076   -0.000448421   -0.000448421
   34.767811321   -0.000452951   -0.000452951
   34.906882567   -0.000457481   -0.000457480
   35.045953812   -0.000462008   -0.000462010
   35.185025057   -0.000466542   -0.000466539
   35.324096303   -0.000471066   -0.000471069
   35.463167548   -0.000475602   -0.000475598
   35.602238793   -0.000480124   -0.000480128
   35.741310038   -0.000484661   -0.000484657
   35.880381284   -0.000489184   -0.000489187
   36.019452529   -0.000493718   -0.000493716
   36.158523774   -0.000498246   -0.000498246
   36.297595020   -0.000502774   -0.000502776
   36.436666265   -0.000507308   -0.000507305
   36.575737510   -0.000511829   -0.000511834
   36.714808755   -0.000516370   -0.000516364
   36.853880001   -0.000520886   -0.000520893
   36.992951246   -0.000525431   -0.000525423
   37.132022491   -0.000529945   -0.000529952
   37.271093737   -0.000534488   -0.000534483
   37.410164982   -0.000539008   -0.000539008
   37.549236227   -0.000543541   -0.000543553
   37.688307472   -0.000548075   -0.000547962
   37.827378718   -0.000552591   -0.000551561
   37.966449963   -0.000557145   -0.000553679
   38.105521208   -0.000561638   -0.000554160
   38.244592454   -0.000566215   -0.000553030
   38.383663699   -0.000570688   -0.000550279
   38.522734944   -0.000575280   -0.000545911
   38.661806189   -0.000579747   -0.000539926
   38.800877435   -0.000584328   -0.000532323
   38.939948680   -0.000588836   -0.000523102
   39.079019925   -0.000593321   -0.000512263
   39.218091171   -0.000598037   -0.000499807
   39.357162416   -0.000602036   -0.000485733
   39.496233661   -0.000608192   -0.000470042
   39.635304906   -0.000603471   -0.000452733
   39.774376152   -0.000571956   -0.000433806
   39.913447397   -0.000529564   -0.000413261
   40.052518642   -0.000489330   -0.000391099
   40.191589888   -0.000448376   -0.000367319
   40.330661133   -0.000407656   -0.000341922
   40.469732378   -0.000366912   -0.000314906
   40.608803623   -0.000326093   -0.000286273
   40.747874869   -0.000285394   -0.000256023
   40.886946114   -0.000244559   -0.000224154
   41.026017359   -0.000203859   -0.000190669
   41.165088605   -0.000163036   -0.000155563
   41.304159850   -0.000122317   -0.000118847
   41.443231095   -0.000081518   -0.000080491
   41.582302340   -0.000040772   -0.000040660
