    0.000000000  -66.714052590  -65.793415340
    0.139071245  -66.717742157  -65.797241812
    0.278142491  -66.693675959  -65.772923951
    0.417213736  -66.641131212  -65.720457341
    0.556284981  -66.560951368  -65.639838801
    0.695356226  -66.452214702  -65.531045333
    0.834427472  -66.315753297  -65.394123444
    0.973498717  -66.150866935  -65.229024556
    1.112569962  -65.957919146  -65.035747087
    1.251641208  -65.736888848  -64.814482084
    1.390712453  -65.487374295  -64.565161796
    1.529783698  -65.210198134  -64.287672174
    1.668854943  -64.904144774  -63.982039825
    1.807926189  -64.570671880  -63.648245340
    1.946997434  -64.208222904  -63.286299581
    2.086068679  -63.818294487  -62.896204085
    2.225139925  -63.399744350  -62.477949213
    2.364211170  -62.953270147  -62.031530843
    2.503282415  -62.478100048  -61.556944096
    2.642353660  -61.974010127  -61.054203193
    2.781424906  -61.444990377  -60.523312208
    2.920496151  -60.881890880  -59.964274850
    3.059567396  -60.296383276  -59.377093728
    3.198638642  -59.687657313  -58.761782365
    3.337709887  -59.042033201  -58.118365342
    3.476781132  -58.370591981  -57.446859859
    3.615852377  -57.670303987  -56.747290633
    3.754923623  -56.941466013  -56.019682451
    3.893994868  -56.185740333  -55.264076921
    4.033066113  -55.400706657  -54.480518758
    4.172137359  -54.588438607  -53.669057719
    4.311208604  -53.746939889  -52.829757841
    4.450279849  -52.878284831  -51.962700698
    4.589351094  -51.981390669  -51.067994251
    4.728422340  -51.056682187  -50.145689075
    4.867493585  -50.103845965  -49.195942197
    5.006564830  -49.122797326  -48.218878029
    5.145636076  -48.114574304  -47.214442438
    5.284707321  -47.078335566  -46.182847651
    5.423778566  -46.014929806  -45.124371971
    5.562849811  -44.923536431  -44.039170742
    5.701921057  -43.805222036  -42.927479958
    5.840992302  -42.659763058  -41.789537414
    5.980063547  -41.487497204  -40.625645242
    6.119134793  -40.288723459  -39.436180109
    6.258206038  -39.063497884  -38.221594681
    6.397277283  -37.812672279  -36.982431453
    6.536348528  -36.535876906  -35.719312092
    6.675419774  -35.234033703  -34.432988907
    6.814491019  -33.907022386  -33.124342239
    6.953562264  -32.555658368  -31.794399872
    7.092633510  -31.179989163  -30.444304518
    7.231704755  -29.780393256  -29.075320501
    7.370776000  -28.357593867  -27.688845189
    7.509847245  -26.912033234  -26.286398622
    7.648918491  -25.445052900  -24.869560388
    7.787989736  -23.957370969  -23.439874451
    7.927060981  -22.451114407  -21.998856495
    8.066132227  -20.927983406  -20.548012816
    8.205203472  -19.390611100  -19.088881096
    8.344274717  -17.841472877  -17.623007218
    8.483345962  -16.283518364  -16.151877941
    8.622417208  -14.720456172  -14.676879626
    8.761488453  -13.155858528  -13.199299959
    8.900559698  -11.594012252  -11.720344654
    9.039630944  -10.038019515  -10.241125517
    9.178702189   -8.491785402   -8.762676337
    9.317773434   -6.958862535   -7.285946140
    9.456844679   -5.442595917   -5.811828636
    9.595915925   -3.943221496   -4.341147113
    9.734987170   -2.459351112   -2.874574338
    9.874058415   -0.990903607   -1.412722688
   10.013129661    0.461928959    0.043685812
   10.152200906    1.897226049    1.493852218
   10.291272151    3.315540957    2.936989038
   10.430343396    4.719149353    4.372273167
   10.569414642    6.110845689    5.798788691
   10.708485887    7.492559558    7.215460935
   10.847557132    8.866256793    8.620998861
   10.986628378   10.234367349   10.013832348
   11.125699623   11.598404272   11.392115937
   11.264770868   12.960499648   12.753911923
   11.403842113   14.320453495   14.097398954
   11.542913359   15.680625643   15.420882988
   11.681984604   17.045025882   16.722654644
   11.821055849   18.410181127   18.000937678
   11.960127095   19.769597098   19.253986468
   12.099198340   21.121127106   20.480342636
   12.238269585   22.462450843   21.678995903
   12.377340830   23.788469167   22.849316558
   12.516412076   25.092425639   23.990948643
   12.655483321   26.364905287   25.103740756
   12.794554566   27.595347827   26.187699965
   12.933625812   28.771295664   27.242903199
   13.072697057   29.882780380   28.269425798
   13.211768302   30.927146933   29.267361299
   13.350839547   31.906668335   30.236991178
   13.489910793   32.822620178   31.178676740
   13.628982038   33.674019900   32.092529260
   13.768053283   34.459575311   32.978568602
   13.907124529   35.182182288   33.836983388
   14.046195774   35.852918125   34.668073989
   14.185267019   36.484431820   35.472154772
   14.324338264   37.088215178   36.249574988
   14.463409510   37.673176647   37.000795568
   14.602480755   38.246586922   37.726469581
   14.741552000   38.813945136   38.427514053
   14.880623246   39.378060081   39.105146445
   15.019694491   39.939977070   39.760891864
   15.158765736   40.503314942   40.396483642
   15.297836981   41.076911403   41.013700202
   15.436908227   41.658559203   41.614281011
   15.575979472   42.242833454   42.199944290
   15.715050717   42.830576699   42.772411233
   15.854121963   43.420429544   43.333373036
   15.993193208   44.011368337   43.884351938
   16.132264453   44.600733449   44.426546166
   16.271335698   45.185718630   44.960811454
   16.410406944   45.763528668   45.487721841
   16.549478189   46.331547020   46.007656057
   16.688549434   46.887196517   46.520852800
   16.827620680   47.426860900   47.027467676
   16.966691925   47.948958617   47.527630238
   17.105763170   48.454108269   48.021400636
   17.244834415   48.943834369   48.508727731
   17.383905661   49.417979440   48.989530619
   17.522976906   49.875804269   49.463706022
   17.662048151   50.315939736   49.931039199
   17.801119397   50.739678838   50.391254191
   17.940190642   51.150240089   50.844028030
   18.079261887   51.549986647   51.288928168
   18.218333132   51.941516461   51.725370740
   18.357404378   52.326857048   52.152552627
   18.496475623   52.709222602   52.569378296
   18.635546868   53.090327055   52.974405216
   18.774618114   53.472111230   53.365935796
   18.913689359   53.855029400   53.742220926
   19.052760604   54.239404885   54.101560971
   19.191831849   54.631138759   54.442254755
   19.330903095   55.029293616   54.762552727
   19.469974340   55.425921618   55.060675964
   19.609045585   55.818146407   55.334968975
   19.748116831   56.204899426   55.584101339
   19.887188076   56.582233392   55.807097707
   20.026259321   56.944276134   56.003290739
   20.165330566   57.282959986   56.172258862
   20.304401812   57.588472968   56.313764991
   20.443473057   57.848840208   56.427672021
   20.582544302   58.051410851   56.513864217
   20.721615548   58.188359022   56.572223018
   20.860686793   58.259427792   56.602745582
   20.999758038   58.266681621   56.605618135
   21.138829283   58.210112934   56.580875829
   21.277900529   58.088387296   56.528333843
   21.416971774   57.900297654   56.447941260
   21.556043019   57.651854985   56.339806948
   21.695114265   57.355175984   56.204050150
   21.834185510   57.022539541   56.040795593
   21.973256755   56.664497001   55.850249465
   22.112328000   56.289220980   55.632781089
   22.251399246   55.903495742   55.388993845
   22.390470491   55.511377594   55.119782063
   22.529541736   55.114935026   54.826388041
   22.668612982   54.715596141   54.510401491
   22.807684227   54.320808092   54.173592484
   22.946755472   53.934489128   53.817723709
   23.085826717   53.550485405   53.444505131
   23.224897963   53.167595745   53.055631758
   23.363969208   52.785634832   52.652840996
   23.503040453   52.402911738   52.237864549
   23.642111699   52.017753398   51.812221385
   23.781182944   51.627124222   51.377091585
   23.920254189   51.228802113   50.933341918
   24.059325434   50.820204966   50.481603503
   24.198396680   50.399142341   50.022342614
   24.337467925   49.962311025   49.555904558
   24.476539170   49.507874788   49.082576823
   24.615610416   49.036648283   48.602595666
   24.754681661   48.549834142   48.116091088
   24.893752906   48.047623868   47.623138508
   25.032824151   47.528930334   47.123815655
   25.171895397   46.992661012   46.618101349
   25.310966642   46.439741254   46.105876901
   25.450037887   45.873730356   45.587005747
   25.589109133   45.297283446   45.061284099
   25.728180378   44.713163280   44.528386910
   25.867251623   44.123891895   43.987810026
   26.006322868   43.532474860   43.438794734
   26.145394114   42.941632058   42.880252149
   26.284465359   42.352710163   42.310751059
   26.423536604   41.767249322   41.728635919
   26.562607850   41.184337032   41.132184259
   26.701679095   40.607810853   40.519677570
   26.840750340   40.042141864   39.889383979
   26.979821585   39.480752921   39.239537946
   27.118892831   38.917327074   38.568377215
   27.257964076   38.351334423   37.874298587
   27.397035321   37.780427497   37.155984911
   27.536106567   37.199825346   36.412428161
   27.675177812   36.602809708   35.642899082
   27.814249057   35.980811098   34.846882208
   27.953320302   35.323339672   34.024000020
   28.092391548   34.617622862   33.173926144
   28.231462793   33.851769439   32.296350148
   28.370534038   33.019968540   31.391030406
   28.509605284   32.123261571   30.457910233
   28.648676529   31.162846295   29.496936486
   28.787747774   30.138170584   28.507794029
   28.926819019   29.047005811   27.490147845
   29.065890265   27.889584573   26.443865103
   29.204961510   26.674414526   25.368876754
   29.344032755   25.413491232   24.265095360
   29.483104001   24.118344547   23.132483168
   29.622175246   22.798473801   21.971135833
   29.761246491   21.461636412   20.781343551
   29.900317736   20.113327838   19.563645027
   30.039388982   18.756641974   18.318924709
   30.178460227   17.393444502   17.048514455
   30.317531472   16.028609420   15.754102587
   30.456602718   14.668247245   14.437477464
   30.595673963   13.309370786   13.100366639
   30.734745208   11.948604390   11.744456878
   30.873816453   10.586104075   10.371520144
   31.012887699    9.220142357    8.983476299
   31.151958944    7.849171616    7.582223198
   31.291030189    6.470832222    6.169417712
   31.430101435    5.083137858    4.746426343
   31.569172680    3.684046449    3.314377622
   31.708243925    2.271206552    1.874227553
   31.847315170    0.841826883    0.426816726
   31.986386416   -0.605202177   -1.027063634
   32.125457661   -2.068379709   -2.486619075
   32.264528906   -3.546946932   -3.951093682
   32.403600152   -5.040829825   -5.419855590
   32.542671397   -6.551268548   -6.892273587
   32.681742642   -8.078661196   -8.367560897
   32.820813887   -9.620619506   -9.844841956
   32.959885133  -11.173245421  -11.323187074
   33.098956378  -12.732929105  -12.801589644
   33.238027623  -14.296272379  -14.278961503
   33.377098869  -15.859408518  -15.754124884
   33.516170114  -17.418501512  -17.225816566
   33.655241359  -18.969792150  -18.692679800
   33.794312604  -20.510249875  -20.153256628
   33.933383850  -22.037080493  -21.606008926
   34.072455095  -23.547937697  -23.049393612
   34.211526340  -25.040586380  -24.481895778
   34.350597586  -26.513223821  -25.902007835
   34.489668831  -27.964566000  -27.308195748
   34.628740076  -29.393548181  -28.698885314
   34.767811321  -30.799482621  -30.072529679
   34.906882567  -32.181597593  -31.427691560
   35.045953812  -33.539632334  -32.763070986
   35.185025057  -34.873187929  -34.077487877
   35.324096303  -36.181991345  -35.369880813
   35.463167548  -37.465558505  -36.639321527
   35.602238793  -38.723529621  -37.885022618
   35.741310038  -39.955739317  -39.106324543
   35.880381284  -41.161764645  -40.302663371
   36.019452529  -42.341359695  -41.473559311
   36.158523774  -43.494088224  -42.618611222
   36.297595020  -44.619963739  -43.737498149
   36.436666265  -45.718657715  -44.829962712
   36.575737510  -46.789887731  -45.895773742
   36.714808755  -47.833477409  -46.934744484
   36.853880001  -48.849452897  -47.946655056
   36.992951246  -49.837969482  -48.931258258
   37.132022491  -50.798577895  -49.888497440
   37.271093737  -51.731107407  -50.818338564
   37.410164982  -52.635482597  -51.720631642
   37.549236227  -53.512072192  -52.595292488
   37.688307472  -54.360877590  -53.442234143
   37.827378718  -55.181427181  -54.261353726
   37.966449963  -55.973763652  -55.052587845
   38.105521208  -56.737667439  -55.815880543
   38.244592454  -57.473810627  -56.551185770
   38.383663699  -58.181994747  -57.258460537
   38.522734944  -58.861537134  -57.937674803
   38.661806189  -59.513855178  -58.588804467
   38.800877435  -60.134217098  -59.211831050
   38.939948680  -60.724792145  -59.806730873
   39.079019925  -61.293422320  -60.373486826
   39.218091171  -61.832859861  -60.912092922
   39.357162416  -62.343102389  -61.422547457
   39.496233661  -62.826993072  -61.904846613
   39.635304906  -63.281008544  -62.358977174
   39.774376152  -63.707192115  -62.784939032
   39.913447397  -64.105042840  -63.182735531
   40.052518642  -64.474796218  -63.552378156
   40.191589888  -64.816348414  -63.893866176
   40.330661133  -65.129660030  -64.207192555
   40.469732378  -65.414884319  -64.492364594
   40.608803623  -65.671741972  -64.749374874
   40.747874869  -65.900677011  -64.978277516
   40.886946114  -66.101135438  -65.179166388
   41.026017359  -66.273745306  -65.351962701
   41.165088605  -66.417881338  -65.496569504
   41.304159850  -66.534162654  -65.613026829
   41.443231095  -66.622144882  -65.701316962
   41.582302340  -66.682116280  -65.761438659
