    0.000000000    0.000000559    0.000001512
    0.154523606    0.000000494    0.000001399
    0.309047212    0.000000458    0.000001342
    0.463570817    0.000000450    0.000001339
    0.618094423    0.000000469    0.000001392
    0.772618029    0.000000513    0.000001505
    0.927141635    0.000000584    0.000001685
    1.081665241    0.000000687    0.000001940
    1.236188846    0.000000825    0.000002283
    1.390712452    0.000001004    0.000002728
    1.545236058    0.000001230    0.000003296
    1.699759664    0.000001512    0.000004013
    1.854283270    0.000001863    0.000004912
    2.008806876    0.000002300    0.000006032
    2.163330481    0.000002839    0.000007428
    2.317854087    0.000003501    0.000009165
    2.472377693    0.000004313    0.000011329
    2.626901299    0.000005317    0.000014025
    2.781424905    0.000006559    0.000017392
    2.935948510    0.000008087    0.000021608
    3.090472116    0.000009963    0.000026901
    3.244995722    0.000012281    0.000033564
    3.399519328    0.000015156    0.000041980
    3.554042934    0.000018716    0.000052653
    3.708566539    0.000023116    0.000066243
    3.863090145    0.000028572    0.000083617
    4.017613751    0.000035380    0.000105923
    4.172137357    0.000043895    0.000134690
    4.326660963    0.000054541    0.000171973
    4.481184568    0.000067877    0.000220507
    4.635708174    0.000084685    0.000283957
    4.790231780    0.000105979    0.000367253
    4.944755386    0.000133012    0.000477034
    5.099278992    0.000167408    0.000622192
    5.253802597    0.000211403    0.000814567
    5.408326203    0.000268039    0.001069860
    5.562849809    0.000341265    0.001408745
    5.717373415    0.000436227    0.001858013
    5.871897021    0.000559929    0.002451646
    6.026420627    0.000722039    0.003231604
    6.180944232    0.000935552    0.004247636
    6.335467838    0.001217671    0.005554845
    6.489991444    0.001591569    0.007208515
    6.644515050    0.002088957    0.009258194
    6.799038656    0.002752620    0.011744183
    6.953562261    0.003638921    0.014694973
    7.108085867    0.004821637    0.018115323
    7.262609473    0.006397490    0.021957837
    7.417133079    0.008490835    0.026102958
    7.571656685    0.011254822    0.030395115
    7.726180290    0.014869392    0.034721366
    7.880703896    0.019534335    0.039034416
    8.035227502    0.025444698    0.043283995
    8.189751108    0.032734753    0.047362857
    8.344274714    0.041409645    0.051149009
    8.498798319    0.051326660    0.054577676
    8.653321925    0.062255687    0.057653144
    8.807845531    0.073902760    0.060408048
    8.962369137    0.085676162    0.062865247
    9.116892743    0.096274271    0.065028399
    9.271416349    0.103896063    0.066893875
    9.425939954    0.107645186    0.068467302
    9.580463560    0.108592501    0.069773898
    9.734987166    0.108386182    0.070861217
    9.889510772    0.106961505    0.071798952
   10.044034378    0.102907101    0.072681795
   10.198557983    0.095871462    0.073640033
   10.353081589    0.087308260    0.074856128
   10.507605195    0.078975645    0.076568325
   10.662128801    0.071625215    0.079023383
   10.816652407    0.065068896    0.082357591
   10.971176012    0.058900460    0.086469400
   11.125699618    0.053034382    0.091031673
   11.280223224    0.047826517    0.095702805
   11.434746830    0.043919721    0.100332200
   11.589270436    0.042052367    0.104898481
   11.743794041    0.042977712    0.109269768
   11.898317647    0.047515762    0.113125703
   12.052841253    0.056690693    0.116127068
   12.207364859    0.071812028    0.118104618
   12.361888465    0.094131581    0.119101030
   12.516412070    0.123632149    0.119301907
   12.670935676    0.157257962    0.118946966
   12.825459282    0.188471375    0.118269141
   12.979982888    0.210331099    0.117466245
   13.134506494    0.220674354    0.116690392
   13.289030100    0.223380065    0.116044312
   13.443553705    0.222749533    0.115582839
   13.598077311    0.217668346    0.115317814
   13.752600917    0.203359884    0.115220771
   13.907124523    0.177941225    0.115218366
   14.061648129    0.145310216    0.115180769
   14.216171734    0.112218556    0.114910509
   14.370695340    0.083997577    0.114148779
   14.525218946    0.062751678    0.112623178
   14.679742552    0.048123272    0.110146627
   14.834266158    0.038828081    0.106728772
   14.988789763    0.033638059    0.102607296
   15.143313369    0.031674499    0.098126385
   15.297836975    0.032382899    0.093537202
   15.452360581    0.035426755    0.088930884
   15.606884187    0.040551630    0.084389687
   15.761407792    0.047455641    0.080155909
   15.915931398    0.055750758    0.076590902
   16.070455004    0.065055525    0.073971811
   16.224978610    0.075088332    0.072344663
   16.379502216    0.085492131    0.071541848
   16.534025822    0.095344190    0.071299472
   16.688549427    0.103025004    0.071366655
   16.843073033    0.107294191    0.071557666
   16.997596639    0.108651588    0.071757266
   17.152120245    0.108650468    0.071906307
   17.306643851    0.107591582    0.071985997
   17.461167456    0.104138437    0.072009212
   17.615691062    0.097515432    0.072022048
   17.770214668    0.088816059    0.072115915
   17.924738274    0.079832923    0.072445728
   18.079261880    0.071539865    0.073238088
   18.233785485    0.063927209    0.074757716
   18.388309091    0.056692266    0.077205628
   18.542832697    0.049802853    0.080585112
   18.697356303    0.043603350    0.084660285
   18.851879909    0.038628054    0.089095721
   19.006403514    0.035400542    0.093654525
   19.160927120    0.034375136    0.098230308
   19.315450726    0.036007129    0.102705436
   19.469974332    0.040872532    0.106846084
   19.624497938    0.049802316    0.110350859
   19.779021543    0.063996074    0.112979663
   19.933545149    0.084864528    0.114655471
   20.088068755    0.113079033    0.115484629
   20.242592361    0.146689932    0.115695989
   20.397115967    0.179831294    0.115548789
   20.551639573    0.204904337    0.115264683
   20.706163178    0.218180085    0.115001239
   20.860686784    0.222621678    0.114854270
   21.015210390    0.223045043    0.114871343
   21.169733996    0.219469799    0.115063388
   21.324257602    0.207654639    0.115407254
   21.478781207    0.185134810    0.115838956
   21.633304813    0.154536154    0.116242347
   21.787828419    0.121728125    0.116438934
   21.942352025    0.092268801    0.116186181
   22.096875631    0.069211209    0.115201507
   22.251399236    0.053012268    0.113239239
   22.405922842    0.042700205    0.110222020
   22.560446448    0.037017263    0.106338041
   22.714970054    0.034953807    0.101958822
   22.869493660    0.035827379    0.097394628
   23.024017265    0.039176257    0.092755692
   23.178540871    0.044603785    0.088092664
   23.333064477    0.051665068    0.083609317
   23.487588083    0.059887105    0.079662799
   23.642111689    0.068910755    0.076571969
   23.796635295    0.078545684    0.074449738
   23.951158900    0.088462193    0.073183414
   24.105682506    0.097633225    0.072531218
   24.260206112    0.104400826    0.072238642
   24.414729718    0.107804870    0.072106762
   24.569253324    0.108699605    0.072006042
   24.723776929    0.108516814    0.071862752
   24.878300535    0.107071658    0.071642365
   25.032824141    0.102894103    0.071341366
   25.187347747    0.095570968    0.070989997
   25.341871353    0.086471837    0.070663710
   25.496394958    0.077265427    0.070498306
   25.650918564    0.068672328    0.070699660
   25.805442170    0.060610712    0.071529677
   25.959965776    0.052906301    0.073242162
   26.114489382    0.045697886    0.075964104
   26.269012987    0.039403189    0.079590110
   26.423536593    0.034499276    0.083811624
   26.578060199    0.031371557    0.088302506
   26.732583805    0.030317685    0.092881024
   26.887107411    0.031651301    0.097466851
   27.041631016    0.035819561    0.101912244
   27.196154622    0.043507883    0.105934416
   27.350678228    0.055752010    0.109220399
   27.505201834    0.073944601    0.111585286
   27.659725440    0.099296103    0.113052114
   27.814249046    0.131274316    0.113815369
   27.968772651    0.165681788    0.114138177
   28.123296257    0.195050974    0.114260428
   28.277819863    0.213342708    0.114357221
   28.432343469    0.220971669    0.114538718
   28.586867075    0.222979750    0.114866079
   28.741390680    0.221717344    0.115364663
   28.895914286    0.214028923    0.116026742
   29.050437892    0.196125280    0.116805400
   29.204961498    0.168621407    0.117606071
   29.359485104    0.136387586    0.118278837
   29.514008709    0.105343042    0.118608801
   29.668532315    0.079692090    0.118310873
   29.823055921    0.060976493    0.117068446
   29.977579527    0.048754174    0.114669033
   30.132103133    0.041822998    0.111185759
   30.286626738    0.039036714    0.106988293
   30.441150344    0.039555584    0.102472058
   30.595673950    0.042782287    0.097792808
   30.750197556    0.048203274    0.092951068
   30.904721162    0.055286002    0.088081150
   31.059244768    0.063524659    0.083538562
   31.213768373    0.072571158    0.079714233
   31.368291979    0.082193697    0.076820426
   31.522815585    0.091847918    0.074823370
   31.677339191    0.100213639    0.073514046
   31.831862797    0.105696459    0.072627250
   31.986386402    0.107969109    0.071928545
   32.140910008    0.108406076    0.071243462
   32.295433614    0.108065790    0.070449120
   32.449957220    0.105998502    0.069455731
   32.604480826    0.100673828    0.068192917
   32.759004431    0.092280991    0.066604714
   32.913528037    0.082560576    0.064650259
   33.068051643    0.073013171    0.062303413
   33.222575249    0.064042416    0.059547369
   33.377098855    0.055416643    0.056370887
   33.531622460    0.046959001    0.052781579
   33.686146066    0.038806579    0.048837629
   33.840669672    0.031286565    0.044659318
   33.995193278    0.024695919    0.040378763
   34.149716884    0.019178146    0.036072152
   34.304240489    0.014720862    0.031772629
   34.458764095    0.011211944    0.027550812
   34.613287701    0.008498206    0.023538155
   34.767811307    0.006424622    0.019858259
   34.922334913    0.004853502    0.016564887
   35.076858519    0.003670070    0.013651618
   35.231382124    0.002781640    0.011095770
   35.385905730    0.002115215    0.008883843
   35.540429336    0.001614887    0.007009339
   35.694952942    0.001238700    0.005460227
   35.849476548    0.000955228    0.004211348
   36.004000153    0.000740795    0.003225639
   36.158523759    0.000577723    0.002460271
   36.313047365    0.000453077    0.001872893
   36.467570971    0.000357397    0.001425626
   36.622094577    0.000283590    0.001086705
   36.776618182    0.000226269    0.000830560
   36.931141788    0.000181446    0.000637123
   37.085665394    0.000146229    0.000490909
   37.240189000    0.000118451    0.000380136
   37.394712606    0.000096407    0.000295941
   37.549236211    0.000078777    0.000231692
   37.703759817    0.000064604    0.000182435
   37.858283423    0.000053184    0.000144470
   38.012807029    0.000043948    0.000115042
   38.167330635    0.000036423    0.000092104
   38.321854241    0.000030251    0.000074124
   38.476377846    0.000025181    0.000059948
   38.630901452    0.000021017    0.000048704
   38.785425058    0.000017576    0.000039735
   38.939948664    0.000014711    0.000032545
   39.094472270    0.000012318    0.000026753
   39.248995875    0.000010325    0.000022061
   39.403519481    0.000008666    0.000018242
   39.558043087    0.000007274    0.000015123
   39.712566693    0.000006099    0.000012565
   39.867090299    0.000005109    0.000010460
   40.021613904    0.000004279    0.000008721
   40.176137510    0.000003579    0.000007283
   40.330661116    0.000002985    0.000006091
   40.485184722    0.000002481    0.000005102
   40.639708328    0.000002058    0.000004282
   40.794231933    0.000001704    0.000003603
   40.948755539    0.000001406    0.000003042
   41.103279145    0.000001156    0.000002582
   41.257802751    0.000000949    0.000002209
   41.412326357    0.000000783    0.000001912
   41.566849963    0.000000654    0.000001681
