    0.000000000    0.537979673    0.537935693
    0.170566681    0.537979633    0.537940269
    0.341133362    0.537979670    0.537944825
    0.511700043    0.537979611    0.537949393
    0.682266723    0.537979665    0.537953941
    0.852833404    0.537979577    0.537958499
    1.023400085    0.537979654    0.537963036
    1.193966766    0.537979528    0.537967580
    1.364533447    0.537979632    0.537972101
    1.535100128    0.537979460    0.537975712
    1.705666809    0.537979591    0.537978075
    1.876233489    0.537979367    0.537979218
    2.046800170    0.537979521    0.537979108
    2.217366851    0.537979239    0.537978990
    2.387933532    0.537979406    0.537978831
    2.558500213    0.537979062    0.537978652
    2.729066894    0.537979223    0.537978423
    2.899633574    0.537978810    0.537978156
    3.070200255    0.537978941    0.537977820
    3.240766936    0.537978450    0.537977415
    3.411333617    0.537978511    0.537976913
    3.581900298    0.537977925    0.537976301
    3.752466979    0.537977864    0.537975549
    3.923033660    0.537977155    0.537974628
    4.093600340    0.537976899    0.537973501
    4.264167021    0.537976017    0.537972117
    4.434733702    0.537975495    0.537970426
    4.605300383    0.537974400    0.537968344
    4.775867064    0.537973439    0.537965802
    4.946433745    0.537971919    0.537962668
    5.117000426    0.537970230    0.537958835
    5.287567106    0.537968064    0.537954102
    5.458133787    0.537965403    0.537948304
    5.628700468    0.537962281    0.537941136
    5.799267149    0.537958193    0.537932332
    5.969833830    0.537953597    0.537921436
    6.140400511    0.537947402    0.537908024
    6.310967192    0.537940517    0.537891401
    6.481533872    0.537931184    0.537870869
    6.652100553    0.537920757    0.537845361
    6.822667234    0.537906709    0.537813741
    6.993233915    0.537890787    0.537774359
    7.163800596    0.537869594    0.537725363
    7.334367277    0.537845156    0.537664149
    7.504933957    0.537813056    0.537587666
    7.675500638    0.537775379    0.537491727
    7.846067319    0.537726542    0.537371173
    8.016634000    0.537668434    0.537219201
    8.187200681    0.537593676    0.537027369
    8.357767362    0.537503257    0.536784104
    8.528334043    0.537387718    0.536474345
    8.698900723    0.537246189    0.536078090
    8.869467404    0.537066130    0.535569785
    9.040034085    0.536843317    0.534914919
    9.210600766    0.536560146    0.534066238
    9.381167447    0.536206300    0.532959263
    9.551734128    0.535755685    0.531508688
    9.722300809    0.535185455    0.529599406
    9.892867489    0.534458225    0.527073245
   10.063434170    0.533535275    0.523709610
   10.234000851    0.532345427    0.519204711
   10.404567532    0.530806723    0.513148119
   10.575134213    0.528806899    0.504994825
   10.745700894    0.526215692    0.494022844
   10.916267575    0.522828871    0.479318568
   11.086834255    0.518349911    0.459829396
   11.257400936    0.512384753    0.434470991
   11.427967617    0.504449830    0.402274578
   11.598534298    0.493861891    0.362608433
   11.769100979    0.479624822    0.315444262
   11.939667660    0.460304828    0.261597930
   12.110234340    0.433981009    0.202749406
   12.280801021    0.398201635    0.141134972
   12.451367702    0.349861954    0.079273042
   12.621934383    0.284890635    0.019695162
   12.792501064    0.198867790   -0.035324375
   12.963067745    0.088592351   -0.084117904
   13.133634426   -0.046683160   -0.125851029
   13.304201106   -0.204311201   -0.160405047
   13.474767787   -0.376565654   -0.188182181
   13.645334468   -0.549590475   -0.209911873
   13.815901149   -0.704007405   -0.226518011
   13.986467830   -0.819980780   -0.239011140
   14.157034511   -0.884786567   -0.248388222
   14.327601192   -0.892017669   -0.255553710
   14.498167872   -0.841484342   -0.261319697
   14.668734553   -0.739233647   -0.266485452
   14.839301234   -0.599422291   -0.271978740
   15.009867915   -0.441511971   -0.278901812
   15.180434596   -0.282357662   -0.288227942
   15.351001277   -0.134424260   -0.300218620
   15.521567958   -0.005921021   -0.313931304
   15.692134638    0.097683642   -0.327173516
   15.862701319    0.172962871   -0.337302043
   16.033268000    0.218308119   -0.341954240
   16.203834681    0.233395406   -0.339349579
   16.374401362    0.217244259   -0.328635588
   16.544968043    0.166078276   -0.310299859
   16.715534723    0.072522172   -0.286439892
   16.886101404   -0.070638306   -0.260049924
   17.056668085   -0.261184165   -0.233996847
   17.227234766   -0.480096793   -0.210383251
   17.397801447   -0.691957393   -0.190376637
   17.568368128   -0.854161347   -0.174434600
   17.738934809   -0.936963514   -0.162563599
   17.909501489   -0.926981326   -0.154529132
   18.080068170   -0.824879344   -0.150037036
   18.250634851   -0.645595887   -0.148862613
   18.421201532   -0.419762584   -0.150819856
   18.591768213   -0.190454404   -0.155571386
   18.762334894    0.007546987   -0.162365800
   18.932901575    0.157708787   -0.169906229
   19.103468255    0.260755060   -0.176545310
   19.274034936    0.325727845   -0.180780021
   19.444601617    0.360745832   -0.181769738
   19.615168298    0.370716681   -0.179740555
   19.785734979    0.357755604   -0.175770188
   19.956301660    0.321626321   -0.171347947
   20.126868341    0.260407136   -0.168037609
   20.297435021    0.172227676   -0.167129419
   20.468001702    0.056793090   -0.169309736
   20.638568383   -0.083749350   -0.174259091
   20.809135064   -0.244068184   -0.180842631
   20.979701745   -0.413883016   -0.187693586
   21.150268426   -0.577495160   -0.193759850
   21.320835107   -0.714720887   -0.198541712
   21.491401787   -0.807490124   -0.201945047
   21.661968468   -0.845645076   -0.204066826
   21.832535149   -0.825269778   -0.205037920
   22.003101830   -0.748741571   -0.204985220
   22.173668511   -0.624707532   -0.204072010
   22.344235192   -0.469909868   -0.202645336
   22.514801872   -0.304289575   -0.201418124
   22.685368553   -0.143874418   -0.201451720
   22.855935234    0.000136822   -0.203704151
   23.026501915    0.121230984   -0.208468315
   23.197068596    0.215745013   -0.214944777
   23.367635277    0.282469138   -0.221505746
   23.538201958    0.321915749   -0.226331078
   23.708768638    0.335420449   -0.227690495
   23.879335319    0.322838426   -0.224301741
   24.049902000    0.281410962   -0.215672600
   24.220468681    0.205041175   -0.202568656
   24.391035362    0.085018973   -0.186846926
   24.561602043   -0.084522059   -0.170702086
   24.732168724   -0.295874095   -0.156059026
   24.902735404   -0.523458783   -0.144148131
   25.073302085   -0.726453793   -0.135533507
   25.243868766   -0.865623166   -0.130337209
   25.414435447   -0.918472780   -0.128492605
   25.585002128   -0.876911661   -0.129936597
   25.755568809   -0.747328433   -0.134719959
   25.926135490   -0.550271324   -0.142917127
   26.096702170   -0.323316832   -0.154441082
   26.267268851   -0.108310073   -0.168794084
   26.437835532    0.067041753   -0.184835690
   26.608402213    0.192915956   -0.200711441
   26.778968894    0.274087413   -0.214230962
   26.949535575    0.319367322   -0.223460619
   27.120102255    0.335259870   -0.227474851
   27.290668936    0.324895042   -0.226638503
   27.461235617    0.288703915   -0.222157423
   27.631802298    0.225403137   -0.215727189
   27.802368979    0.134303568   -0.209168082
   27.972935660    0.016359980   -0.204154802
   28.143502341   -0.125077867   -0.201616265
   28.314069021   -0.283937955   -0.201373873
   28.484635702   -0.449664332   -0.202520915
   28.655202383   -0.606823084   -0.203978269
   28.825769064   -0.735740899   -0.204981814
   28.996335745   -0.818781122   -0.205149652
   29.166902426   -0.846387155   -0.204306253
   29.337469107   -0.815407945   -0.202324576
   29.508035787   -0.729016284   -0.199073704
   29.678602468   -0.596468962   -0.194445675
   29.849169149   -0.434965885   -0.188498320
   30.019735830   -0.264930484   -0.181667600
   30.190302511   -0.102735057   -0.174938502
   30.360869192    0.040659787   -0.169667219
   30.531435873    0.159396820   -0.167054415
   30.702002553    0.251005870   -0.167553905
   30.872569234    0.315507038   -0.170595351
   31.043135915    0.354658052   -0.174945602
   31.213702596    0.370473619   -0.179060362
   31.384269277    0.363473976   -0.181420017
   31.554835958    0.331847810   -0.180872776
   31.725402638    0.271092730   -0.177054501
   31.895969319    0.173466529   -0.170679480
   32.066536000    0.029691398   -0.163191661
   32.237102681   -0.162698455   -0.156247135
   32.407669362   -0.389569830   -0.151206045
   32.578236043   -0.618311371   -0.148886418
   32.748802724   -0.805694142   -0.149664761
   32.919369404   -0.918836892   -0.153733129
   33.089936085   -0.941026641   -0.161306885
   33.260502766   -0.869680018   -0.172676684
   33.431069447   -0.716429733   -0.188095683
   33.601636128   -0.508648651   -0.207599795
   33.772202809   -0.288340388   -0.230803587
   33.942769490   -0.092710656   -0.256647138
   34.113336170    0.056989048   -0.283150144
   34.283902851    0.156604849   -0.307515823
   34.454469532    0.212748236   -0.326715258
   34.625036213    0.233104003   -0.338474819
   34.795602894    0.221934572   -0.342099838
   34.966169575    0.180461646   -0.338297577
   35.136736256    0.108968250   -0.328749128
   35.307302936    0.008836997   -0.315759385
   35.477869617   -0.116746768   -0.301962788
   35.648436298   -0.262594487   -0.289668218
   35.819002979   -0.420935136   -0.279993719
   35.989569660   -0.579877735   -0.272809166
   36.160136341   -0.723109070   -0.267198747
   36.330703021   -0.831156847   -0.262050265
   36.501269702   -0.888781281   -0.256410904
   36.671836383   -0.889069563   -0.249472978
   36.842403064   -0.831384885   -0.240432054
   37.012969745   -0.721412332   -0.228397232
   37.183536426   -0.570915916   -0.212380054
   37.354103107   -0.399107998   -0.191365965
   37.524669787   -0.225873547   -0.164413765
   37.695236468   -0.065826913   -0.130762513
   37.865803149    0.072534059   -0.089957816
   38.036369830    0.186028680   -0.042040611
   38.206936511    0.275019939    0.012256596
   38.377503192    0.342453538    0.071368017
   38.548069873    0.392676312    0.133074764
   38.718636553    0.429875820    0.194863199
   38.889203234    0.457262538    0.254197083
   39.059769915    0.477363358    0.308790955
   39.230336596    0.492161040    0.356874117
   39.400903277    0.503153828    0.397512928
   39.571469958    0.511384324    0.430640016
   39.742036639    0.517572884    0.456824397
   39.912603319    0.522217975    0.477005770
   40.083170000    0.525726687    0.492262566
   40.253736681    0.528405855    0.503658235
   40.424303362    0.530473883    0.512128343
   40.594870043    0.532064447    0.518420017
   40.765436724    0.533294450    0.523098370
   40.936003404    0.534246728    0.526589333
   41.106570085    0.534996810    0.529208952
   41.277136766    0.535584643    0.531187367
   41.447703447    0.536049473    0.532689528
   41.618270128    0.536413860    0.533835266
   41.788836809    0.536705637    0.534713038
   41.959403490    0.536934978    0.535389786
   42.129970170    0.537120342    0.535914703
   42.300536851    0.537266005    0.536323750
   42.471103532    0.537384829    0.536643361
   42.641670213    0.537477929    0.536894221
   42.812236894    0.537554691    0.537091922
   42.982803575    0.537614592    0.537248484
   43.153370256    0.537664597    0.537372651
   43.323936936    0.537703530    0.537471431
   43.494503617    0.537736293    0.537550151
   43.665070298    0.537761647    0.537613136
   43.835636979    0.537783163    0.537663542
   44.006203660    0.537799788    0.537704042
   44.176770341    0.537813939    0.537736560
   44.347337022    0.537824930    0.537762779
   44.517903702    0.537834226    0.537783889
   44.688470383    0.537841581    0.537800966
   44.859037064    0.537847654    0.537814752
   45.029603745    0.537852652    0.537825939
   45.200170426    0.537856570    0.537834988
   45.370737107    0.537860040    0.537842343
   45.541303787    0.537862511    0.537848303
   45.711870468    0.537864980    0.537853154
   45.882437149    0.537866474    0.537857095
   46.053003830    0.537868263    0.537860305
   46.223570511    0.537869038    0.537862919
   46.394137192    0.537870357    0.537865047
   46.564703873    0.537870705    0.537866787
   46.735270553    0.537871771    0.537868199
   46.905837234    0.537871881    0.537869360
   47.076403915    0.537872741    0.537870296
   47.246970596    0.537872679    0.537871072
   47.417537277    0.537873385    0.537871690
   47.588103958    0.537873224    0.537872209
   47.758670639    0.537873807    0.537872616
   47.929237319    0.537873600    0.537872964
   48.099804000    0.537874079    0.537873230
   48.270370681    0.537873863    0.537873466
   48.440937362    0.537874251    0.537873642
   48.611504043    0.537874047    0.537873806
   48.782070724    0.537874356    0.537874836
   48.952637405    0.537874179    0.537877083
   49.123204085    0.537874416    0.537880511
   49.293770766    0.537874272    0.537885163
   49.464337447    0.537874448    0.537889783
   49.634904128    0.537874339    0.537894411
   49.805470809    0.537874462    0.537899011
   49.976037490    0.537874385    0.537903623
   50.146604170    0.537874467    0.537908209
   50.317170851    0.537874414    0.537912809
   50.487737532    0.537874467    0.537917386
   50.658304213    0.537895471    0.537921977
   50.828870894    0.537923564    0.537926547
   50.999437575    0.537951586    0.537931130
