    0.000000000    0.424286751    0.521411719
    0.170566681    0.425992441    0.513000163
    0.341133362    0.427698057    0.504588583
    0.511700043    0.429403737    0.496177005
    0.682266723    0.431109344    0.487765400
    0.852833404    0.432814995    0.479353791
    1.023400085    0.434520597    0.470942150
    1.193966766    0.436226201    0.462530499
    1.364533447    0.437931801    0.454118808
    1.535100128    0.439637338    0.447730537
    1.705666808    0.441342933    0.444040135
    1.876233489    0.443048381    0.443047620
    2.046800170    0.444753962    0.444752960
    2.217366851    0.446459299    0.446458250
    2.387933532    0.448164845    0.448163457
    2.558500213    0.449870044    0.449868589
    2.729066894    0.451575524    0.451573613
    2.899633574    0.453280553    0.453278529
    3.070200255    0.454985922    0.454983295
    3.240766936    0.456690738    0.456687899
    3.411333617    0.458395928    0.458392298
    3.581900298    0.460100473    0.460096464
    3.752466979    0.461805391    0.461800344
    3.923033659    0.463509582    0.463503891
    4.093600340    0.465214101    0.465207037
    4.264167021    0.466917817    0.466909708
    4.434733702    0.468621785    0.468611811
    4.605300383    0.470324898    0.470313230
    4.775867064    0.472028046    0.472013842
    4.946433744    0.473730214    0.473713469
    5.117000425    0.475432109    0.475411935
    5.287567106    0.477132959    0.477108978
    5.458133787    0.478833166    0.478804339
    5.628700468    0.480532167    0.480497632
    5.799267149    0.482229977    0.482188469
    5.969833830    0.483926323    0.483876284
    6.140400510    0.485620715    0.485560494
    6.310967191    0.487313209    0.487240254
    6.481533872    0.489002700    0.488914661
    6.652100553    0.490689579    0.490582447
    6.822667234    0.492371992    0.492242208
    6.993233915    0.494050626    0.493892022
    7.163800595    0.495722739    0.495529693
    7.334367276    0.497389217    0.497152255
    7.504933957    0.499046225    0.498756211
    7.675500638    0.500694638    0.500336897
    7.846067319    0.502329330    0.501888585
    8.016634000    0.503950923    0.503403824
    8.187200681    0.505552312    0.504873452
    8.357767361    0.507133142    0.506285112
    8.528334042    0.508683976    0.507622847
    8.698900723    0.510202534    0.508865624
    8.869467404    0.511675958    0.509986748
    9.040034085    0.513098527    0.510950587
    9.210600766    0.514451900    0.511708804
    9.381167446    0.515724134    0.512195693
    9.551734127    0.516887963    0.512324717
    9.722300808    0.517918785    0.511979833
    9.892867489    0.518776833    0.511002661
   10.063434170    0.519422155    0.509173211
   10.234000851    0.519781393    0.506189160
   10.404567532    0.519770604    0.501642110
   10.575134212    0.519273439    0.494990394
   10.745700893    0.518157854    0.485516477
   10.916267574    0.516218910    0.472306549
   11.086834255    0.513161745    0.454296016
   11.257400936    0.508587664    0.430375508
   11.427967617    0.502013780    0.399543557
   11.598534297    0.492762289    0.361139802
   11.769100978    0.479854380    0.315119738
   11.939667659    0.461873584    0.262299315
   12.110234340    0.436919132    0.204356279
   12.280801021    0.402550991    0.143517813
   12.451367702    0.355694513    0.082294610
   12.621934383    0.292302444    0.023212049
   12.792501063    0.207847616   -0.031460566
   12.963067744    0.098856254   -0.080066163
   13.133634425   -0.035719767   -0.121767879
   13.304201106   -0.193410742   -0.156422832
   13.474767787   -0.366398407   -0.184394123
   13.645334468   -0.540542686   -0.206368684
   13.815901148   -0.696092909   -0.223236700
   13.986467829   -0.813267672   -0.235989086
   14.157034510   -0.879503323   -0.245618012
   14.327601191   -0.888363053   -0.253033188
   14.498167872   -0.839625463   -0.259055198
   14.668734553   -0.739312303   -0.264490079
   14.839301233   -0.601709814   -0.270265848
   15.009867914   -0.445977715   -0.277480532
   15.180434595   -0.288476273   -0.287103882
   15.351001276   -0.141325911   -0.299395322
   15.521567957   -0.012652602   -0.313411572
   15.692134638    0.091890000   -0.326964415
   15.862701319    0.168568717   -0.337424732
   16.033267999    0.215453830   -0.342429713
   16.203834680    0.232001934   -0.340180635
   16.374401361    0.217188284   -0.329796184
   16.544968042    0.167300195   -0.311732128
   16.715534723    0.075004935   -0.288054370
   16.886101404   -0.067081482   -0.261722665
   17.056668084   -0.257056829   -0.235594679
   17.227234765   -0.476113861   -0.211797521
   17.397801446   -0.688772161   -0.191542198
   17.568368127   -0.852258066   -0.175331816
   17.738934808   -0.936680208   -0.163210155
   17.909501489   -0.928382224   -0.154966674
   18.080068170   -0.827774521   -0.150318064
   18.250634850   -0.649520688   -0.149042701
   18.421201531   -0.424152190   -0.150959564
   18.591768212   -0.194723861   -0.155743497
   18.762334893    0.003919395   -0.162659561
   18.932901574    0.154965967   -0.170413679
   19.103468255    0.258858356   -0.177330425
   19.274034935    0.324546528   -0.181847202
   19.444601616    0.360186174   -0.183051577
   19.615168297    0.370688211   -0.181122251
   19.785734978    0.358168768   -0.177112020
   19.956301659    0.322371864   -0.172507500
   20.126868340    0.261335297   -0.168891370
   20.297435021    0.173100421   -0.167600466
   20.468001701    0.057269731   -0.169389429
   20.638568382   -0.084064536   -0.173992821
   20.809135063   -0.245426186   -0.180304940
   20.979701744   -0.416141993   -0.186958570
   21.150268425   -0.579999723   -0.192882799
   21.320835106   -0.716472790   -0.197557280
   21.491401786   -0.807883559   -0.200873851
   21.661968467   -0.844444910   -0.202919730
   21.832535148   -0.822478268   -0.203818866
   22.003101829   -0.744603525   -0.203691260
   22.173668510   -0.619829896   -0.202692485
   22.344235191   -0.465298338   -0.201158045
   22.514801872   -0.300601874   -0.199786023
   22.685368552   -0.141259331   -0.199628758
   22.855935233    0.001932475   -0.201650218
   23.026501914    0.122601092   -0.206166419
   23.197068595    0.217033453   -0.212415253
   23.367635276    0.283905054   -0.218823973
   23.538201957    0.323632979   -0.223607248
   23.708768637    0.337488649   -0.225045414
   23.879335318    0.325306792   -0.221848795
   24.049901999    0.284307133   -0.213503094
   24.220468680    0.208392538   -0.200738923
   24.391035361    0.088826230   -0.185352357
   24.561602042   -0.080447439   -0.169490427
   24.732168722   -0.291919761   -0.155060841
   24.902735403   -0.520014626   -0.143303888
   25.073302084   -0.723722891   -0.134802158
   25.243868765   -0.863873360   -0.129693457
   25.414435446   -0.917898871   -0.127922635
   25.585002127   -0.877522730   -0.129434234
   25.755568808   -0.748956047   -0.134286766
   25.926135488   -0.552652397   -0.142566356
   26.096702169   -0.326253953   -0.154202938
   26.267268850   -0.111407326   -0.168719182
   26.437835531    0.064222521   -0.184989616
   26.608402212    0.190621147   -0.201150720
   26.778968893    0.272342379   -0.214973536
   26.949535573    0.318140898   -0.224469738
   27.120102254    0.334533576   -0.228681268
   27.290668935    0.324633955   -0.227951569
   27.461235616    0.288866199   -0.223476620
   27.631802297    0.225880406   -0.216958697
   27.802368978    0.134876241   -0.210245880
   27.972935659    0.016665733   -0.205060715
   28.143502339   -0.125481076   -0.202363764
   28.314069020   -0.285393743   -0.201995688
   28.484635701   -0.452152837   -0.203055199
   28.655202382   -0.609844531   -0.204454880
   28.825769063   -0.738427273   -0.205416090
   28.996335744   -0.820588079   -0.205545411
   29.166902424   -0.847090284   -0.204660943
   29.337469105   -0.814975028   -0.202630285
   29.508035786   -0.727610514   -0.199317083
   29.678602467   -0.594561260   -0.194604211
   29.849169148   -0.433393590   -0.188534474
   30.019735829   -0.264224081   -0.181519959
   30.190302510   -0.102941582   -0.174520911
   30.360869190    0.039853776   -0.168888350
   30.531435871    0.158428469   -0.165852794
   30.702002552    0.250234553   -0.165929185
   30.872569233    0.315166515   -0.168624035
   31.043135914    0.354876351   -0.172757652
   31.213702595    0.371339074   -0.176808578
   31.384269275    0.365069844   -0.179255234
   31.554835956    0.334276462   -0.178918632
   31.725402637    0.274480195   -0.175380777
   31.895969318    0.177999592   -0.169276662
   32.066535999    0.035497030   -0.161984413
   32.237102680   -0.155844857   -0.155128931
   32.407669361   -0.382335038   -0.150074016
   32.578236041   -0.611601521   -0.147657839
   32.748802722   -0.800408838   -0.148271866
   32.919369403   -0.915661258   -0.152112591
   33.089936084   -0.940261580   -0.159394754
   33.260502765   -0.871248123   -0.170415779
   33.431069446   -0.719868676   -0.185451217
   33.601636126   -0.513190593   -0.204576469
   33.772202807   -0.292998945   -0.227458216
   33.942769488   -0.096502340   -0.253092490
   34.113336169    0.054734506   -0.279542129
   34.283902850    0.156116822   -0.304020359
   34.454469531    0.214000523   -0.323474263
   34.625036211    0.236111932   -0.335594143
   34.795602892    0.226829840   -0.339643274
   34.966169573    0.187386600   -0.336288947
   35.136736254    0.117855498   -0.327182466
   35.307302935    0.019254777   -0.314615073
   35.477869616   -0.105604343   -0.301223421
   35.648436297   -0.251799971   -0.289318467
   35.819002977   -0.411588716   -0.280020777
   35.989569658   -0.572844675   -0.273202350
   36.160136339   -0.718844141   -0.267946330
   36.330703020   -0.829774837   -0.263136442
   36.501269701   -0.890358744   -0.257819765
   36.671836382   -0.893538857   -0.251197662
   36.842403062   -0.838511729   -0.242478739
   37.012969743   -0.730812516   -0.230783167
   37.183536424   -0.582198103   -0.215123324
   37.354103105   -0.411860661   -0.194468338
   37.524669786   -0.239376673   -0.167843177
   37.695236467   -0.079152061   -0.134440294
   37.865803148    0.060321480   -0.093756872
   38.036369828    0.175622963   -0.045795425
   38.206936509    0.266744253    0.008732005
   38.377503190    0.336284093    0.068265415
   38.548069871    0.388420295    0.130590152
   38.718636552    0.427365060    0.193190516
   38.889203233    0.456384755    0.253520830
   39.059769913    0.478031908    0.309279578
   39.230336594    0.494319434    0.358679647
   39.400903275    0.506774361    0.400770056
   39.571469956    0.516466349    0.435452616
   39.742036637    0.524129991    0.463256370
   39.912603318    0.530268607    0.485080756
   40.083169999    0.535286750    0.501974315
   40.253736679    0.539493593    0.514986729
   40.424303360    0.543110195    0.525054815
   40.594870041    0.546269527    0.532934298
   40.765436722    0.549085478    0.539197758
   40.936003403    0.551638696    0.544276169
   41.106570084    0.554003482    0.548489454
   41.277136764    0.556218743    0.552070331
   41.447703445    0.558322208    0.555185031
   41.618270126    0.560334299    0.557953505
   41.788836807    0.562282349    0.560463671
   41.959403488    0.564174807    0.562781737
   42.129970169    0.566029787    0.564956243
   42.300536850    0.567850064    0.567022406
   42.471103530    0.569648415    0.569005776
   42.641670211    0.571424630    0.570926198
   42.812236892    0.573188211    0.572798533
   42.982803573    0.574937469    0.574634177
   43.153370254    0.576679612    0.576441287
   43.323936935    0.578412459    0.578226337
   43.494503615    0.580141233    0.579994176
   43.665070296    0.581863817    0.581748747
   43.835636977    0.583584133    0.583492842
   44.006203658    0.585300390    0.585228841
   44.176770339    0.587015341    0.586958397
   44.347337020    0.588727700    0.588682974
   44.517903700    0.590439222    0.590403560
   44.688470381    0.592149195    0.592121072
   44.859037062    0.593858502    0.593836100
   45.029603743    0.595567019    0.595549221
   45.200170424    0.597274881    0.597260787
   45.370737105    0.598982517    0.598971155
   45.541303786    0.600689426    0.600680547
   45.711870466    0.602396527    0.602389186
   45.882437147    0.604102803    0.604097212
   46.053003828    0.605809556    0.605804761
   46.223570509    0.607515352    0.607511928
   46.394137190    0.609221878    0.609218788
   46.564703871    0.610927409    0.610925412
   46.735270551    0.612633851    0.612631835
   46.905837232    0.614339260    0.614338115
   47.076403913    0.616045623    0.616044259
   47.246970594    0.617750941    0.617750320
   47.417537275    0.619457234    0.619456287
   47.588103956    0.621162512    0.621162209
   47.758670637    0.622868741    0.622868061
   47.929237317    0.624574017    0.624573894
   48.099803998    0.626280180    0.626279676
   48.270370679    0.627985480    0.627985456
   48.440937360    0.629691574    0.629691196
   48.611504041    0.631396918    0.631396945
   48.782070722    0.633102940    0.631079220
   48.952637402    0.634808338    0.628063587
   49.123204083    0.636514289    0.622350005
   49.293770764    0.638219747    0.613938519
   49.464337445    0.639925627    0.605527006
   49.634904126    0.641631145    0.597115508
   49.805470807    0.643336959    0.588703986
   49.976037488    0.645042534    0.580292478
   50.146604168    0.646748289    0.571880949
   50.317170849    0.648453911    0.563469432
   50.487737530    0.650159616    0.555057894
   50.658304211    0.605326174    0.546646367
   50.828870892    0.544979703    0.538234819
   50.999437573    0.484633251    0.529823280
