    0.000000000    0.142552671    0.630323767
    0.170566681    0.154306828    0.590575234
    0.341133362    0.165938999    0.550683179
    0.511700042    0.177426811    0.510632963
    0.682266723    0.188741064    0.470409961
    0.852833404    0.199858670    0.429999575
    1.023400085    0.210751498    0.389387503
    1.193966765    0.221399028    0.348559758
    1.364533446    0.231777470    0.307502946
    1.535100127    0.241870685    0.276416048
    1.705666808    0.251660250    0.258691201
    1.876233489    0.261134758    0.254317729
    2.046800169    0.270281691    0.263286336
    2.217366850    0.279094509    0.271973607
    2.387933531    0.287566725    0.280373395
    2.558500212    0.295696494    0.288481270
    2.729066893    0.303483248    0.296294546
    2.899633573    0.310929356    0.303812316
    3.070200254    0.318039561    0.311035356
    3.240766935    0.324819669    0.317966111
    3.411333616    0.331278960    0.324608484
    3.581900296    0.337425803    0.330967835
    3.752466977    0.343273024    0.337050702
    3.923033658    0.348830632    0.342864823
    4.093600339    0.354114051    0.348418807
    4.264167020    0.359134123    0.353722178
    4.434733700    0.363907933    0.358785021
    4.605300381    0.368446410    0.363618044
    4.775867062    0.372767399    0.368232205
    4.946433743    0.376881417    0.372638807
    5.117000424    0.380806379    0.376849121
    5.287567104    0.384552056    0.380874506
    5.458133785    0.388135759    0.384726053
    5.628700466    0.391566196    0.388414707
    5.799267147    0.394859542    0.391950954
    5.969833827    0.398023303    0.395344941
    6.140400508    0.401072061    0.398606213
    6.310967189    0.404012102    0.401743794
    6.481533870    0.406856034    0.404765987
    6.652100551    0.409608952    0.407680410
    6.822667231    0.412281190    0.410493838
    6.993233912    0.414876777    0.413212154
    7.163800593    0.417403541    0.415840238
    7.334367274    0.419864532    0.418381791
    7.504933955    0.422264853    0.420839270
    7.675500635    0.424606694    0.423213523
    7.846067316    0.426892352    0.425503654
    8.016633997    0.429123301    0.427706630
    8.187200678    0.431298486    0.429816990
    8.357767358    0.433418369    0.431825539
    8.528334039    0.435478141    0.433718846
    8.698900720    0.437476239    0.435477885
    8.869467401    0.439402692    0.437077269
    9.040034082    0.441252298    0.438481620
    9.210600762    0.443007777    0.439641781
    9.381167443    0.444657775    0.440490251
    9.551734124    0.446174020    0.440937481
    9.722300805    0.447532565    0.440862047
    9.892867486    0.448691747    0.440097111
   10.063434166    0.449610343    0.438410150
   10.234000847    0.450208722    0.435482289
   10.404567528    0.450402092    0.430883854
   10.575134209    0.450066847    0.424045402
   10.745700889    0.449067033    0.414213965
   10.916267570    0.447176848    0.400443556
   11.086834251    0.444087233    0.381652484
   11.257400932    0.439379346    0.356738506
   11.427967613    0.432551132    0.324742776
   11.598534293    0.422871725    0.285098091
   11.769100974    0.409298832    0.237902287
   11.939667655    0.390323182    0.184142847
   12.110234336    0.363957695    0.125624465
   12.280801016    0.327654352    0.064644108
   12.451367697    0.278193752    0.003736753
   12.621934378    0.211353199   -0.054598050
   12.792501059    0.122683280   -0.108172887
   12.963067740    0.009057644   -0.155476277
   13.133634420   -0.130013728   -0.195810298
   13.304201101   -0.291244022   -0.229135789
   13.474767782   -0.465653725   -0.255883450
   13.645334463   -0.637970920   -0.276780565
   13.815901144   -0.787775391   -0.292738563
   13.986467824   -0.896312429   -0.304750685
   14.157034505   -0.952339495   -0.313792412
   14.327601186   -0.950467075   -0.320746795
   14.498167867   -0.891633622   -0.326412276
   14.668734547   -0.783154217   -0.331590369
   14.839301228   -0.640801117   -0.337224522
   15.009867909   -0.483595250   -0.344421833
   15.180434590   -0.327106956   -0.354097802
   15.351001271   -0.182645057   -0.366384807
   15.521567951   -0.057761926   -0.380166706
   15.692134632    0.042264873   -0.393161924
   15.862701313    0.114044385   -0.402794811
   16.033267994    0.155997979   -0.406792051
   16.203834675    0.167703530   -0.403476190
   16.374401355    0.147887703   -0.392123095
   16.544968036    0.092257048   -0.373409014
   16.715534717   -0.006902249   -0.349567269
   16.886101398   -0.156480504   -0.323551123
   17.056668078   -0.352561018   -0.298106376
   17.227234759   -0.573845125   -0.275204032
   17.397801440   -0.782637397   -0.255925664
   17.568368121   -0.936860941   -0.240688916
   17.738934802   -1.009331802   -0.229490792
   17.909501482   -0.988248945   -0.222105562
   18.080068163   -0.876074688   -0.218267348
   18.250634844   -0.689345879   -0.217784372
   18.421201525   -0.461209768   -0.220492575
   18.591768206   -0.234794078   -0.226046302
   18.762334886   -0.042429755   -0.233654357
   18.932901567    0.101633915   -0.241942318
   19.103468248    0.199646973   -0.249178230
   19.274034929    0.260757391   -0.253783203
   19.444601609    0.292683288   -0.254908010
   19.615168290    0.299821731   -0.252844360
   19.785734971    0.283904667   -0.248704358
   19.956301652    0.244276906   -0.244011663
   20.126868333    0.178811982   -0.240353985
   20.297435013    0.085599030   -0.239072799
   20.468001694   -0.035478679   -0.240872303
   20.638568375   -0.181887509   -0.245387515
   20.809135056   -0.347103623   -0.251462087
   20.979701736   -0.518986979   -0.257733315
   21.150268417   -0.679759511   -0.263185147
   21.320835098   -0.808507957   -0.267344873
   21.491401779   -0.889396982   -0.270122669
   21.661968460   -0.914111763   -0.271592388
   21.832535140   -0.880316965   -0.271850351
   22.003101821   -0.791948090   -0.270981043
   22.173668502   -0.659878601   -0.269109565
   22.344235183   -0.502598358   -0.266549894
   22.514801864   -0.338643948   -0.263994703
   22.685368544   -0.182144913   -0.262513838
   22.855935225   -0.042604344   -0.263127929
   23.026501906    0.074254837   -0.266239243
   23.197068587    0.165083702   -0.271207784
   23.367635267    0.228793969   -0.276647898
   23.538201948    0.266018201   -0.280899527
   23.708768629    0.277971513   -0.282305808
   23.879335310    0.264271000   -0.279581719
   24.049901991    0.221855974   -0.272182451
   24.220468671    0.144471464   -0.260755023
   24.391035352    0.023290706   -0.246892433
   24.561602033   -0.147827608   -0.232539653
   24.732168714   -0.361227725   -0.219454524
   24.902735395   -0.590547198   -0.208803415
   25.073302075   -0.794035939   -0.201134053
   25.243868756   -0.933630594   -0.196569157
   25.414435437   -0.987184445   -0.195052369
   25.585002118   -0.946456224   -0.196537057
   25.755568798   -0.817662925   -0.201105408
   25.926135479   -0.621764913   -0.208900933
   26.096702160   -0.397047774   -0.219951331
   26.267268841   -0.183758785   -0.233908281
   26.437835522   -0.008529997   -0.249758630
   26.608402202    0.118813055   -0.265680835
   26.778968883    0.202371154   -0.279394582
   26.949535564    0.250650176   -0.288839405
   27.120102245    0.270076295   -0.293080670
   27.290668926    0.263680106   -0.292466289
   27.461235606    0.231870378   -0.288196890
   27.631802287    0.172899439   -0.281991152
   27.802368968    0.084973928   -0.275766224
   27.972935649   -0.032303186   -0.271320145
   28.143502329   -0.176538379   -0.269565520
   28.314069010   -0.341267341   -0.270258262
   28.484635691   -0.514038320   -0.272397004
   28.655202372   -0.676643891   -0.274804767
   28.825769053   -0.807778128   -0.276634620
   28.996335733   -0.891585030   -0.277465391
   29.166902414   -0.919499829   -0.277122621
   29.337469095   -0.888988280   -0.275490833
   29.508035776   -0.803724241   -0.272441752
   29.678602457   -0.674489591   -0.267834519
   29.849169137   -0.519505097   -0.261626259
   30.019735818   -0.356691397   -0.254063818
   30.190302499   -0.199691859   -0.245901226
   30.360869180   -0.057721047   -0.238403353
   30.531435860    0.063434489   -0.232959612
   30.702002541    0.160284551   -0.230489843
   30.872569222    0.231542442   -0.230992633
   31.043135903    0.277959995   -0.233621003
   31.213702584    0.301211246   -0.237014033
   31.384269264    0.301999227   -0.239640946
   31.554835945    0.278865795   -0.240151616
   31.725402626    0.227763913   -0.237753214
   31.895969307    0.141632961   -0.232578186
   32.066535987    0.011201225   -0.225616808
   32.237102668   -0.168816252   -0.218322144
   32.407669349   -0.388832267   -0.212108372
   32.578236030   -0.619839209   -0.207965643
   32.748802711   -0.819342313   -0.206392300
   32.919369391   -0.952037534   -0.207591766
   33.089936072   -0.997539518   -0.211707589
   33.260502753   -0.949407268   -0.218979410
   33.431069434   -0.815469664   -0.229745164
   33.601636115   -0.619326346   -0.244303559
   33.772202795   -0.400479450   -0.262697939
   33.942769476   -0.196579701   -0.284413980
   34.113336157   -0.031914591   -0.308028536
   34.283902838    0.085195720   -0.331117441
   34.454469518    0.158717254   -0.350731671
   34.625036199    0.196471438   -0.364427379
   34.795602880    0.203954730   -0.371185196
   34.966169561    0.183296056   -0.371360309
   35.136736242    0.133959372   -0.366312206
   35.307302922    0.054386878   -0.358088035
   35.477869603   -0.055977301   -0.349140677
   35.648436284   -0.195306814   -0.341669303
   35.819002965   -0.357835977   -0.336748220
   35.989569646   -0.531933562   -0.334216981
   36.160136326   -0.699861074   -0.333106042
   36.330703007   -0.839959566   -0.332226748
   36.501269688   -0.934840486   -0.330599967
   36.671836369   -0.974772097   -0.327513982
   36.842403049   -0.956065135   -0.322339980
   37.012969730   -0.881433150   -0.314373554
   37.183536411   -0.760251350   -0.302754605
   37.354103092   -0.609680428   -0.286453096
   37.524669773   -0.447484738   -0.264333292
   37.695236453   -0.287294540   -0.235277987
   37.865803134   -0.138361200   -0.198377588
   38.036369815   -0.006362996   -0.153200323
   38.206936496    0.105419481   -0.100066169
   38.377503177    0.196133217   -0.040222532
   38.548069857    0.267449086    0.024339232
   38.718636538    0.322956776    0.091211903
   38.889203219    0.366523860    0.157832974
   39.059769900    0.401195199    0.221760912
   39.230336580    0.429321579    0.280965083
   39.400903261    0.452778190    0.334162665
   39.571469942    0.472965204    0.380845014
   39.742036623    0.490873213    0.421096482
   39.912603304    0.507143526    0.455404808
   40.083169984    0.522224464    0.484504762
   40.253736665    0.536444085    0.509274487
   40.424303346    0.550080089    0.530629129
   40.594870027    0.563299340    0.549411711
   40.765436707    0.576219505    0.566309017
   40.936003388    0.588909419    0.581840064
   41.106570069    0.601444571    0.596391302
   41.277136750    0.613863954    0.610247255
   41.447703431    0.626209293    0.623610767
   41.618270111    0.638489225    0.636623992
   41.788836792    0.650730308    0.649385900
   41.959403473    0.662935951    0.661967702
   42.129970154    0.675123148    0.674421047
   42.300536835    0.687289980    0.686783381
   42.471103515    0.699448468    0.699080058
   42.641670196    0.711594821    0.711329179
   42.812236877    0.723737938    0.723543759
   42.982803558    0.735873665    0.735733772
   43.153370238    0.748008516    0.747905984
   43.323936919    0.760138948    0.760065374
   43.494503600    0.772269384    0.772215219
   43.665070281    0.784397097    0.784358293
   43.835636962    0.796524968    0.796496358
   44.006203642    0.808651396    0.808630873
   44.176770323    0.820777772    0.820762723
   44.347337004    0.832903660    0.832892702
   44.517903685    0.845029122    0.845021264
   44.688470366    0.857154847    0.857148842
   44.859037046    0.869279719    0.869275669
   45.029603727    0.881405453    0.881401974
   45.200170408    0.893529924    0.893527883
   45.370737089    0.905655730    0.905653500
   45.541303769    0.917779921    0.917778904
   45.711870450    0.929905802    0.929904131
   45.882437131    0.942029797    0.942029242
   46.053003812    0.954155702    0.954154223
   46.223570493    0.966279505    0.966279128
   46.394137173    0.978405390    0.978403910
   46.564703854    0.990529116    0.990528615
   46.735270535    1.002654954    1.002653165
   46.905837216    1.014778674    1.014777593
   47.076403897    1.026904437    1.026901789
   47.246970577    1.039028133    1.039025753
   47.417537258    1.051153682    1.051149327
   47.588103939    1.063277311    1.063272451
   47.758670620    1.075402508    1.075394882
   47.929237300    1.087525968    1.087516436
   48.099803981    1.099650593    1.099636714
   48.270370662    1.111773649    1.111755302
   48.440937343    1.123897326    1.123871489
   48.611504024    1.136019510    1.135984413
   48.782070704    1.148141555    1.137881049
   48.952637385    1.160261955    1.126155772
   49.123204066    1.172381091    1.100806139
   49.293770747    1.184497952    1.061828945
   49.464337428    1.196611757    1.022835603
   49.634904108    1.208721712    0.983820894
   49.805470789    1.220825539    0.944778472
   49.976037470    1.232922114    0.905700868
   50.146604151    1.245007011    0.866579480
   50.317170831    1.257077709    0.827404604
   50.487737512    1.269126349    0.788165547
   50.658304193    1.046277596    0.748850676
   50.828870874    0.745097295    0.709447595
   50.999437555    0.443862874    0.669943173
