    0.000000000    0.000000399    0.000001245
    0.151614827    0.000000376    0.000001203
    0.303229655    0.000000375    0.000001213
    0.454844482    0.000000397    0.000001273
    0.606459310    0.000000443    0.000001389
    0.758074137    0.000000512    0.000001566
    0.909688964    0.000000607    0.000001810
    1.061303792    0.000000733    0.000002133
    1.212918619    0.000000896    0.000002547
    1.364533447    0.000001101    0.000003071
    1.516148274    0.000001354    0.000003727
    1.667763102    0.000001665    0.000004543
    1.819377929    0.000002049    0.000005554
    1.970992756    0.000002523    0.000006806
    2.122607584    0.000003103    0.000008353
    2.274222411    0.000003809    0.000010269
    2.425837239    0.000004672    0.000012642
    2.577452066    0.000005732    0.000015586
    2.729066893    0.000007035    0.000019246
    2.880681721    0.000008627    0.000023812
    3.032296548    0.000010573    0.000029521
    3.183911376    0.000012965    0.000036681
    3.335526203    0.000015916    0.000045694
    3.487141031    0.000019550    0.000057085
    3.638755858    0.000024017    0.000071539
    3.790370685    0.000029529    0.000089953
    3.941985513    0.000036372    0.000113514
    4.093600340    0.000044887    0.000143797
    4.245215168    0.000055479    0.000182900
    4.396829995    0.000068681    0.000233613
    4.548444822    0.000085230    0.000299651
    4.700059650    0.000106085    0.000385987
    4.851674477    0.000132431    0.000499268
    5.003289305    0.000165780    0.000648331
    5.154904132    0.000208194    0.000844860
    5.306518959    0.000262479    0.001104226
    5.458133787    0.000332287    0.001446461
    5.609748614    0.000422331    0.001897245
    5.761363442    0.000538934    0.002488777
    5.912978269    0.000690781    0.003260265
    6.064593097    0.000889571    0.004257356
    6.216207924    0.001150733    0.005529601
    6.367822751    0.001494792    0.007125819
    6.519437579    0.001949583    0.009089193
    6.671052406    0.002552675    0.011454583
    6.822667234    0.003353616    0.014246786
    6.974282061    0.004416842    0.017471803
    7.125896888    0.005826196    0.021095312
    7.277511716    0.007689734    0.025024551
    7.429126543    0.010141936    0.029127992
    7.580741371    0.013342381    0.033292711
    7.732356198    0.017470875    0.037457243
    7.883971026    0.022712389    0.041575856
    8.035585853    0.029217601    0.045567122
    8.187200680    0.037039494    0.049322861
    8.338815508    0.046088024    0.052763262
    8.490430335    0.056161330    0.055867119
    8.642045163    0.067030258    0.058652974
    8.793659990    0.078402832    0.061144469
    8.945274817    0.089596224    0.063352646
    9.096889645    0.099200245    0.065279648
    9.248504472    0.105590870    0.066931810
    9.400119300    0.108382809    0.068330534
    9.551734127    0.108937206    0.069516794
    9.703348954    0.108579703    0.070551625
    9.854963782    0.106817877    0.071517317
   10.006578609    0.102308311    0.072523441
   10.158193437    0.095030417    0.073718376
   10.309808264    0.086515992    0.075297442
   10.461423092    0.078328913    0.077483555
   10.613037919    0.071037835    0.080454350
   10.764652746    0.064426169    0.084229534
   10.916267574    0.058169513    0.088605068
   11.067882401    0.052277646    0.093237459
   11.219497229    0.047150709    0.097848660
   11.371112056    0.043414587    0.102344765
   11.522726883    0.041755269    0.106698807
   11.674341711    0.042869159    0.110746384
   11.825956538    0.047530127    0.114166161
   11.977571366    0.056718303    0.116666659
   12.129186193    0.071675413    0.118155174
   12.280801021    0.093563526    0.118743361
   12.432415848    0.122363681    0.118648269
   12.584030675    0.155309288    0.118101463
   12.735645503    0.186433365    0.117307906
   12.887260330    0.209093445    0.116437371
   13.038875158    0.220587334    0.115623733
   13.190489985    0.223986269    0.114962957
   13.342104812    0.223784867    0.114511804
   13.493719640    0.219945346    0.114288888
   13.645334467    0.208045519    0.114275208
   13.796949295    0.185180477    0.114410571
   13.948564122    0.153971615    0.114586055
   14.100178949    0.120769871    0.114636728
   14.251793777    0.091362282    0.114342693
   14.403408604    0.068537854    0.113451339
   14.555023432    0.052394997    0.111734886
   14.706638259    0.041804007    0.109081720
   14.858253087    0.035523851    0.105577778
   15.009867914    0.032614147    0.101492838
   15.161482741    0.032453877    0.097133546
   15.313097569    0.034651416    0.092681235
   15.464712396    0.038926858    0.088199255
   15.616327224    0.044986178    0.083802807
   15.767942051    0.052451986    0.079766239
   15.919556878    0.060921608    0.076425338
   16.071171706    0.070107136    0.073988100
   16.222786533    0.079841946    0.072441870
   16.374401361    0.089734844    0.071604281
   16.526016188    0.098682586    0.071235633
   16.677631016    0.105095436    0.071125246
   16.829245843    0.108226400    0.071124538
   16.980860670    0.109037492    0.071143931
   17.132475498    0.108852911    0.071138181
   17.284090325    0.107398069    0.071094451
   17.435705153    0.103269178    0.071028227
   17.587319980    0.096106393    0.070988118
   17.738934807    0.087218057    0.071068449
   17.890549635    0.078207190    0.071423547
   18.042164462    0.069797925    0.072267206
   18.193779290    0.061930252    0.073831304
   18.345394117    0.054415277    0.076271423
   18.497008944    0.047347877    0.079562972
   18.648623772    0.041111018    0.083486139
   18.800238599    0.036180000    0.087748076
   18.951853427    0.032966433    0.092136481
   19.103468254    0.031802585    0.096542341
   19.255083082    0.033028788    0.100848852
   19.406697909    0.037105825    0.104843785
   19.558312736    0.044721545    0.108256382
   19.709927564    0.056893796    0.110868922
   19.861542391    0.074944924    0.112606795
   20.013157219    0.099954093    0.113557433
   20.164772046    0.131328071    0.113922178
   20.316386873    0.165134912    0.113939835
   20.468001701    0.194443045    0.113824915
   20.619616528    0.213339685    0.113738839
   20.771231356    0.221602888    0.113787494
   20.922846183    0.223858070    0.114030652
   21.074461010    0.223137036    0.114491412
   21.226075838    0.217052499    0.115159480
   21.377690665    0.201351287    0.115988710
   21.529305493    0.175479304    0.116893260
   21.680920320    0.143697243    0.117744011
   21.832535148    0.112097389    0.118360768
   21.984149975    0.085340890    0.118500493
   22.135764802    0.065354037    0.117868785
   22.287379630    0.051909670    0.116204974
   22.438994457    0.043877635    0.113437683
   22.590609285    0.040105293    0.109775882
   22.742224112    0.039715780    0.105583299
   22.893838939    0.042074906    0.101122202
   23.045453767    0.046653598    0.096459465
   23.197068594    0.052917312    0.091639295
   23.348683422    0.060337277    0.086878882
   23.500298249    0.068526709    0.082543891
   23.651913077    0.077327660    0.078956651
   23.803527904    0.086582421    0.076242258
   23.955142731    0.095582313    0.074315563
   24.106757559    0.102851052    0.072968491
   24.258372386    0.107093720    0.071970384
   24.409987214    0.108585139    0.071126679
   24.561602041    0.108783939    0.070291976
   24.713216868    0.108144278    0.069359777
   24.864831696    0.105339632    0.068248798
   25.016446523    0.099193154    0.066894596
   25.168061351    0.090347572    0.065247398
   25.319676178    0.080514744    0.063272602
   25.471291005    0.070896311    0.060948757
   25.622905833    0.061743727    0.058261259
   25.774520660    0.052902466    0.055198699
   25.926135488    0.044347710    0.051764091
   26.077750315    0.036299449    0.048000762
   26.229365143    0.029062715    0.044004053
   26.380979970    0.022851910    0.039887959
   26.532594797    0.017726475    0.035732414
   26.684209625    0.013620222    0.031580024
   26.835824452    0.010399558    0.027489774
   26.987439280    0.007910479    0.023568494
   27.139054107    0.006006094    0.019933064
   27.290668934    0.004559128    0.016654912
   27.442283762    0.003464899    0.013749311
   27.593898589    0.002639594    0.011203499
   27.745513417    0.002017382    0.009002777
   27.897128244    0.001547719    0.007135841
   28.048743072    0.001192553    0.005587591
   28.200357899    0.000923361    0.004332796
   28.351972726    0.000718610    0.003336217
   28.503587554    0.000562097    0.002557324
   28.655202381    0.000441844    0.001955706
   28.806817209    0.000349065    0.001494779
   28.958432036    0.000277181    0.001143481
   29.110046863    0.000221166    0.000876532
   29.261661691    0.000177231    0.000673915
   29.413276518    0.000142599    0.000520071
   29.564891346    0.000115209    0.000403062
   29.716506173    0.000093453    0.000313823
   29.868121000    0.000076058    0.000245527
   30.019735828    0.000062069    0.000193049
   30.171350655    0.000050791    0.000152539
   30.322965483    0.000041683    0.000121113
   30.474580310    0.000034293    0.000096607
   30.626195138    0.000028257    0.000077403
   30.777809965    0.000023311    0.000062277
   30.929424792    0.000019262    0.000050303
   31.081039620    0.000015943    0.000040777
   31.232654447    0.000013205    0.000033162
   31.384269275    0.000010935    0.000027049
   31.535884102    0.000009055    0.000022123
   31.687498929    0.000007505    0.000018136
   31.839113757    0.000006224    0.000014898
   31.990728584    0.000005157    0.000012260
   32.142343412    0.000004265    0.000010106
   32.293958239    0.000003524    0.000008343
   32.445573067    0.000002912    0.000006896
   32.597187894    0.000002403    0.000005708
   32.748802721    0.000001977    0.000004732
   32.900417549    0.000001622    0.000003932
   33.052032376    0.000001331    0.000003277
   33.203647204    0.000001093    0.000002742
   33.355262031    0.000000897    0.000002309
   33.506876858    0.000000738    0.000001963
   33.658491686    0.000000611    0.000001692
   33.810106513    0.000000515    0.000001486
   33.961721341    0.000000445    0.000001338
