    0.000000000    0.000000453    0.000001447
    0.151614827    0.000000405    0.000001364
    0.303229655    0.000000385    0.000001338
    0.454844482    0.000000391    0.000001368
    0.606459310    0.000000424    0.000001459
    0.758074137    0.000000482    0.000001614
    0.909688964    0.000000569    0.000001842
    1.061303792    0.000000688    0.000002152
    1.212918619    0.000000846    0.000002558
    1.364533447    0.000001047    0.000003078
    1.516148274    0.000001297    0.000003734
    1.667763102    0.000001607    0.000004555
    1.819377929    0.000001992    0.000005576
    1.970992756    0.000002469    0.000006844
    2.122607584    0.000003052    0.000008416
    2.274222411    0.000003763    0.000010365
    2.425837239    0.000004636    0.000012782
    2.577452066    0.000005711    0.000015784
    2.729066893    0.000007033    0.000019522
    2.880681721    0.000008648    0.000024187
    3.032296548    0.000010624    0.000030024
    3.183911376    0.000013060    0.000037350
    3.335526203    0.000016068    0.000046577
    3.487141031    0.000019770    0.000058244
    3.638755858    0.000024324    0.000073055
    3.790370685    0.000029951    0.000091932
    3.941985513    0.000036948    0.000116094
    4.093600340    0.000045655    0.000147161
    4.245215168    0.000056483    0.000187291
    4.396829995    0.000069989    0.000239347
    4.548444822    0.000086940    0.000307150
    4.700059650    0.000108316    0.000395819
    4.851674477    0.000135313    0.000512188
    5.003289305    0.000169488    0.000665345
    5.154904132    0.000212985    0.000867305
    5.306518960    0.000268697    0.001133887
    5.458133787    0.000340346    0.001485706
    5.609748614    0.000432751    0.001949178
    5.761363442    0.000552444    0.002557422
    5.912978269    0.000708401    0.003350764
    6.064593097    0.000912631    0.004376131
    6.216207924    0.001180923    0.005684407
    6.367822751    0.001534385    0.007325763
    6.519437579    0.002001757    0.009344868
    6.671052406    0.002621738    0.011777894
    6.822667234    0.003445169    0.014648886
    6.974282061    0.004538238    0.017957402
    7.125896888    0.005987380    0.021655440
    7.277511716    0.007904019    0.025635885
    7.429126543    0.010426386    0.029763962
    7.580741371    0.013718272    0.033936103
    7.732356198    0.017964682    0.038098166
    7.883971026    0.023355980    0.042198631
    8.035585853    0.030045755    0.046146429
    8.187200680    0.038086701    0.049835274
    8.338815508    0.047390299    0.053199006
    8.490430335    0.057760090    0.056230179
    8.642045163    0.068952524    0.058953594
    8.793659990    0.080582695    0.061392701
    8.945274817    0.091764902    0.063556082
    9.096889645    0.100915571    0.065443818
    9.248504472    0.106549245    0.067061138
    9.400119300    0.108719793    0.068428850
    9.551734127    0.109004637    0.069587342
    9.703348955    0.108407866    0.070596781
    9.854963782    0.106077126    0.071538151
   10.006578609    0.100829412    0.072519273
   10.158193437    0.093084090    0.073686715
   10.309808264    0.084545258    0.075234630
   10.461423092    0.076611912    0.077385670
   10.613037919    0.069629166    0.080316765
   10.764652746    0.063271289    0.084044676
   10.916267574    0.057207939    0.088363175
   11.067882401    0.051479916    0.092935925
   11.219497229    0.046512131    0.097501719
   11.371112056    0.042939316    0.101975784
   11.522726884    0.041446929    0.106319993
   11.674341711    0.042726822    0.110355270
   11.825956538    0.047545108    0.113765572
   11.977571366    0.056874985    0.116278036
   12.129186193    0.071964430    0.117806932
   12.280801021    0.094004175    0.118452320
   12.432415848    0.123000292    0.118415001
   12.584030675    0.156129235    0.117917830
   12.735645503    0.187257354    0.117165092
   12.887260330    0.209652199    0.116329017
   13.038875158    0.220811265    0.115545537
   13.190489985    0.224074883    0.114911505
   13.342104812    0.223845530    0.114484075
   13.493719640    0.219777753    0.114282527
   13.645334467    0.207469152    0.114289225
   13.796949295    0.184351561    0.114446305
   13.948564122    0.153203060    0.114648164
   14.100178950    0.120213065    0.114733279
   14.251793777    0.090976478    0.114482558
   14.403408604    0.068240067    0.113637774
   14.555023432    0.052148113    0.111958721
   14.706638259    0.041609972    0.109322925
   14.858253087    0.035393370    0.105818453
   15.009867914    0.032553503    0.101727471
   15.161482741    0.032468908    0.097361506
   15.313097569    0.034756184    0.092892726
   15.464712396    0.039149557    0.088377249
   15.616327224    0.045372463    0.083937247
   15.767942051    0.053067667    0.079859177
   15.919556879    0.061849051    0.076483986
   16.071171706    0.071416391    0.074019051
   16.222786533    0.081514717    0.072451317
   16.374401361    0.091560973    0.071598987
   16.526016188    0.100257783    0.071221784
   16.677631016    0.106067410    0.071106774
   16.829245843    0.108609607    0.071102483
   16.980860670    0.109122797    0.071116762
   17.132475498    0.108733151    0.071102228
   17.284090325    0.106810711    0.071043841
   17.435705153    0.102007798    0.070954111
   17.587319980    0.094358960    0.070877212
   17.738934808    0.085402150    0.070901030
   17.890549635    0.076642541    0.071171812
   18.042164462    0.068596963    0.071896724
   18.193779290    0.061070366    0.073309414
   18.345394117    0.053825066    0.075582844
   18.497008945    0.046948549    0.078723613
   18.648623772    0.040828978    0.082540573
   18.800238599    0.035951280    0.086747614
   18.951853427    0.032738085    0.091116861
   19.103468254    0.031528560    0.095523652
   19.255083082    0.032660414    0.099854924
   19.406697909    0.036579336    0.103915548
   19.558312736    0.043943967    0.107442843
   19.709927564    0.055734662    0.110205088
   19.861542391    0.073262733    0.112098417
   20.013157219    0.097698144    0.113182337
   20.164772046    0.128692833    0.113642988
   20.316386874    0.162601206    0.113717154
   20.468001701    0.192537556    0.113624476
   20.619616528    0.212269567    0.113532975
   20.771231356    0.221173566    0.113554221
   20.922846183    0.223759686    0.113753062
   21.074461011    0.223249403    0.114158570
   21.226075838    0.217520614    0.114768721
   21.377690665    0.202450312    0.115548080
   21.529305493    0.177335818    0.116422467
   21.680920320    0.146061989    0.117272838
   21.832535148    0.114435825    0.117924989
   21.984149975    0.087167524    0.118135407
   22.135764803    0.066453659    0.117600232
   22.287379630    0.052298395    0.116039921
   22.438994457    0.043655980    0.113360800
   22.590609285    0.039363512    0.109757383
   22.742224112    0.038521544    0.105593393
   22.893838940    0.040507517    0.101140606
   23.045453767    0.044845578    0.096474600
   23.197068594    0.051071213    0.091641759
   23.348683422    0.058695244    0.086856332
   23.500298249    0.067296143    0.082482518
   23.651913077    0.076601782    0.078849979
   23.803527904    0.086307455    0.076100154
   23.955142732    0.095595160    0.074164021
   24.106757559    0.102966750    0.072839855
   24.258372386    0.107191090    0.071892725
   24.409987214    0.108633408    0.071119294
   24.561602041    0.108796019    0.070366760
   24.713216869    0.108119656    0.069524457
   24.864831696    0.105268645    0.068508841
   25.016446523    0.099108137    0.067252753
   25.168061351    0.090354136    0.065701544
   25.319676178    0.080774594    0.063813560
   25.471291006    0.071573230    0.061560012
   25.622905833    0.062932547    0.058921597
   25.774520660    0.054574375    0.055887007
   25.926135488    0.046350056    0.052464093
   26.077750315    0.038414484    0.048703389
   26.229365143    0.031086813    0.044706510
   26.380979970    0.024649128    0.040590664
   26.532594798    0.019238605    0.036436345
   26.684209625    0.014846690    0.032286081
   26.835824452    0.011370324    0.028199173
   26.987439280    0.008666198    0.024282104
   27.139054107    0.006587735    0.020649168
   27.290668935    0.005003572    0.017366701
   27.442283762    0.003803295    0.014443756
   27.593898589    0.002897046    0.011862624
   27.745513417    0.002213507    0.009607360
   27.897128244    0.001697603    0.007670166
   28.048743072    0.001307699    0.006043076
   28.200357899    0.001012439    0.004708976
   28.351972727    0.000788076    0.003639162
   28.503587554    0.000616738    0.002796846
   28.655202381    0.000485224    0.002142751
   28.806817209    0.000383850    0.001639734
   28.958432036    0.000305359    0.001255378
   29.110046864    0.000244213    0.000962834
   29.261661691    0.000196251    0.000740593
   29.413276518    0.000158432    0.000571789
   29.564891346    0.000128501    0.000443403
   29.716506173    0.000104695    0.000345512
   29.868121001    0.000085625    0.000270625
   30.019735828    0.000070254    0.000213102
   30.171350656    0.000057827    0.000168712
   30.322965483    0.000047759    0.000134275
   30.474580310    0.000039556    0.000107417
   30.626195138    0.000032825    0.000086357
   30.777809965    0.000027281    0.000069752
   30.929424793    0.000022718    0.000056588
   31.081039620    0.000018954    0.000046093
   31.232654447    0.000015828    0.000037683
   31.384269275    0.000013217    0.000030912
   31.535884102    0.000011037    0.000025434
   31.687498930    0.000009224    0.000020983
   31.839113757    0.000007712    0.000017350
   31.990728584    0.000006441    0.000014374
   32.142343412    0.000005370    0.000011930
   32.293958239    0.000004471    0.000009916
   32.445573067    0.000003720    0.000008252
   32.597187894    0.000003089    0.000006875
   32.748802722    0.000002555    0.000005735
   32.900417549    0.000002104    0.000004791
   33.052032376    0.000001730    0.000004010
   33.203647204    0.000001419    0.000003365
   33.355262031    0.000001160    0.000002836
   33.506876859    0.000000945    0.000002406
   33.658491686    0.000000770    0.000002061
   33.810106513    0.000000632    0.000001792
   33.961721341    0.000000528    0.000001589
