    0.000000000    0.000000454    0.000001103
    0.154523606    0.000000449    0.000001092
    0.309047212    0.000000463    0.000001125
    0.463570817    0.000000495    0.000001202
    0.618094423    0.000000548    0.000001327
    0.772618029    0.000000624    0.000001504
    0.927141635    0.000000725    0.000001741
    1.081665241    0.000000854    0.000002049
    1.236188846    0.000001016    0.000002439
    1.390712452    0.000001220    0.000002929
    1.545236058    0.000001473    0.000003538
    1.699759664    0.000001782    0.000004295
    1.854283270    0.000002159    0.000005231
    2.008806875    0.000002623    0.000006387
    2.163330481    0.000003193    0.000007817
    2.317854087    0.000003891    0.000009586
    2.472377693    0.000004739    0.000011781
    2.626901299    0.000005778    0.000014506
    2.781424905    0.000007056    0.000017898
    2.935948510    0.000008628    0.000022133
    3.090472116    0.000010553    0.000027438
    3.244995722    0.000012914    0.000034106
    3.399519328    0.000015826    0.000042516
    3.554042934    0.000019427    0.000053165
    3.708566539    0.000023874    0.000066711
    3.863090145    0.000029367    0.000084021
    4.017613751    0.000036190    0.000106234
    4.172137357    0.000044707    0.000134875
    4.326660963    0.000055356    0.000171985
    4.481184568    0.000068680    0.000220299
    4.635708174    0.000085424    0.000283475
    4.790231780    0.000106598    0.000366425
    4.944755386    0.000133487    0.000475750
    5.099278992    0.000167715    0.000620298
    5.253802597    0.000211456    0.000811834
    5.408326203    0.000267702    0.001065897
    5.562849809    0.000340444    0.001402838
    5.717373415    0.000434885    0.001848903
    5.871897021    0.000557965    0.002437160
    6.026420626    0.000719218    0.003207960
    6.180944232    0.000931642    0.004208288
    6.335467838    0.001212584    0.005488883
    6.489991444    0.001585186    0.007098647
    6.644515050    0.002080789    0.009078442
    6.799038655    0.002741769    0.011458783
    6.953562261    0.003624254    0.014262761
    7.108085867    0.004801300    0.017505322
    7.262609473    0.006367398    0.021173602
    7.417133079    0.008442947    0.025193260
    7.571656684    0.011175515    0.029426966
    7.726180290    0.014735800    0.033737919
    7.880703896    0.019306184    0.038054080
    8.035227502    0.025052889    0.042340500
    8.189751108    0.032070246    0.046520402
    8.344274714    0.040312778    0.050468032
    8.498798319    0.049580308    0.054079573
    8.653321925    0.059615111    0.057320266
    8.807845531    0.070232942    0.060204290
    8.962369137    0.081231748    0.062752827
    9.116892743    0.091918443    0.064974938
    9.271416348    0.100759162    0.066874196
    9.425939954    0.106183095    0.068463620
    9.580463560    0.108208697    0.069775310
    9.734987166    0.108461994    0.070862610
    9.889510772    0.107879706    0.071800183
   10.044034377    0.105429206    0.072688287
   10.198557983    0.099903334    0.073664778
   10.353081589    0.091873707    0.074921120
   10.507605195    0.083098117    0.076702529
   10.662128801    0.074842363    0.079256760
   10.816652406    0.067337672    0.082716116
   10.971176012    0.060354097    0.086973321
   11.125699618    0.053848834    0.091684965
   11.280223224    0.048178547    0.096472496
   11.434746830    0.043967764    0.101155414
   11.589270435    0.041918309    0.105730047
   11.743794041    0.042745508    0.110102034
   11.898317647    0.047255496    0.113941605
   12.052841253    0.056482502    0.116862656
   12.207364859    0.071721331    0.118682863
   12.361888464    0.094115542    0.119485563
   12.516412070    0.123470894    0.119506921
   12.670935676    0.156716822    0.119011976
   12.825459282    0.187661887    0.118234664
   12.979982888    0.209709533    0.117363500
   13.134506493    0.220447454    0.116539849
   13.289030099    0.223256045    0.115856661
   13.443553705    0.222574503    0.115360055
   13.598077311    0.217761669    0.115054285
   13.752600917    0.203868991    0.114904305
   13.907124523    0.178455479    0.114830150
   14.061648128    0.145408512    0.114693863
   14.216171734    0.111941209    0.114289128
   14.370695340    0.083632067    0.113354307
   14.525218946    0.062468739    0.111632241
   14.679742552    0.047904865    0.108974068
   14.834266157    0.038575000    0.105430870
   14.988789763    0.033257547    0.101250700
   15.143313369    0.031098848    0.096753225
   15.297836975    0.031552616    0.092169411
   15.452360581    0.034274075    0.087601247
   15.606884186    0.038996006    0.083151878
   15.761407792    0.045401612    0.079065421
   15.915931398    0.053075319    0.075684212
   16.070455004    0.061602960    0.073257680
   16.224978610    0.070745029    0.071806354
   16.379502215    0.080419249    0.071148099
   16.534025821    0.090262486    0.071017849
   16.688549427    0.099081949    0.071171576
   16.843073033    0.105205277    0.071432009
   16.997596639    0.108010576    0.071691028
   17.152120244    0.108660704    0.071895156
   17.306643850    0.108370394    0.072030708
   17.461167456    0.106527438    0.072116127
   17.615691062    0.101707563    0.072204596
   17.770214668    0.093925255    0.072397116
   17.924738273    0.084745220    0.072860468
   18.079261879    0.075658047    0.073831274
   18.233785485    0.067175706    0.075572904
   18.388309091    0.059212481    0.078264761
   18.542832697    0.051748054    0.081871466
   18.697356302    0.045085803    0.086118260
   18.851879908    0.039733024    0.090650573
   19.006403514    0.036202071    0.095243496
   19.160927120    0.034941414    0.099820854
   19.315450726    0.036409550    0.104274912
   19.469974332    0.041207728    0.108341980
   19.624497937    0.050214615    0.111687304
   19.779021543    0.064659120    0.114081849
   19.933545149    0.085873108    0.115501047
   20.088068755    0.114285767    0.116103113
   20.242592361    0.147715670    0.116140055
   20.397115966    0.180430123    0.115868814
   20.551639572    0.205251795    0.115499093
   20.706163178    0.218513104    0.115177299
   20.860686784    0.222833643    0.114991179
   21.015210390    0.223094663    0.114981888
   21.169733995    0.219721848    0.115153728
   21.324257601    0.208204127    0.115475264
   21.478781207    0.185340652    0.115871320
   21.633304813    0.153788885    0.116211225
   21.787828419    0.120225172    0.116301337
   21.942352024    0.090709707    0.115892536
   22.096875630    0.068099240    0.114718731
   22.251399236    0.052431463    0.112578378
   22.405922842    0.042505043    0.109439331
   22.560446448    0.037040939    0.105496054
   22.714970053    0.035080032    0.101092200
   22.869493659    0.035969781    0.096524657
   23.024017265    0.039237431    0.091918030
   23.178540871    0.044447937    0.087330482
   23.333064477    0.051109132    0.082956190
   23.487588082    0.058712240    0.079145237
   23.642111688    0.066911926    0.076209265
   23.796635294    0.075653069    0.074238874
   23.951158900    0.084940664    0.073093536
   24.105682506    0.094206834    0.072518447
   24.260206112    0.101953942    0.072264824
   24.414729717    0.106669886    0.072148226
   24.569253323    0.108416745    0.072052955
   24.723776929    0.108645062    0.071915431
   24.878300535    0.107928997    0.071709127
   25.032824141    0.105033146    0.071439311
   25.187347746    0.098846828    0.071148384
   25.341871352    0.090066834    0.070929301
   25.496394958    0.080389572    0.070940989
   25.650918564    0.070965394    0.071412390
   25.805442170    0.062076262    0.072610888
   25.959965775    0.053722014    0.074752914
   26.114489381    0.046090889    0.077879417
   26.269012987    0.039590084    0.081794456
   26.423536593    0.034659177    0.086162763
   26.578060199    0.031641927    0.090705227
   26.732583804    0.030812186    0.095289573
   26.887107410    0.032492031    0.099826000
   27.041631016    0.037174765    0.104119800
   27.196154622    0.045632041    0.107865982
   27.350678228    0.059004454    0.110785799
   27.505201833    0.078696940    0.112769362
   27.659725439    0.105615536    0.113914732
   27.814249045    0.138491317    0.114458063
   27.968772651    0.172369390    0.114666410
   28.123296257    0.199829927    0.114762944
   28.277819862    0.215877563    0.114902628
   28.432343468    0.221978350    0.115178958
   28.586867074    0.223253711    0.115638202
   28.741390680    0.221339670    0.116287517
   28.895914286    0.212378148    0.117093918
   29.050437891    0.192501368    0.117979033
   29.204961497    0.163062267    0.118816219
   29.359485103    0.129978650    0.119430304
   29.514008709    0.099599625    0.119595490
   29.668532315    0.075659549    0.119039791
   29.823055921    0.058930696    0.117492964
   29.977579526    0.048504237    0.114813922
   30.132103132    0.043082183    0.111135124
   30.286626738    0.041567425    0.106837128
   30.441150344    0.043123016    0.102285310
   30.595673950    0.047045056    0.097604988
   30.750197555    0.052652059    0.092791031
   30.904721161    0.059302637    0.087991047
   31.059244767    0.066561711    0.083570222
   31.213768373    0.074356573    0.079900647
   31.368291979    0.082826598    0.077143026
   31.522815584    0.091723060    0.075208566
   31.677339190    0.099820622    0.073864024
   31.831862796    0.105393345    0.072855618
   31.986386402    0.107859990    0.071975922
   32.140910008    0.108427645    0.071073737
   32.295433613    0.108182911    0.070039866
   32.449957219    0.106245653    0.068792938
   32.604480825    0.100990754    0.067272787
   32.759004431    0.092378550    0.065439670
   32.913528037    0.081980727    0.063273450
   33.068051642    0.071322907    0.060766376
   33.222575248    0.061038117    0.057909620
   33.377098854    0.051238140    0.054685678
   33.531622460    0.042045999    0.051084595
   33.686146066    0.033720547    0.047143620
   33.840669671    0.026511821    0.042967689
   33.995193277    0.020527561    0.038683991
   34.149716883    0.015720641    0.034370687
   34.304240489    0.011949835    0.030061910
   34.458764095    0.009041273    0.025826592
   34.613287700    0.006824141    0.021798367
   34.767811306    0.005147133    0.018112233
   34.922334912    0.003884848    0.014840149
   35.076858518    0.002937688    0.011992922
   35.231382124    0.002228033    0.009555943
   35.385905730    0.001696001    0.007510063
   35.540429335    0.001296233    0.005831157
   35.694952941    0.000995064    0.004484703
   35.849476547    0.000767561    0.003426144
   36.004000153    0.000595035    0.002606594
   36.158523759    0.000463498    0.001979030
   36.313047364    0.000362688    0.001502065
   36.467570970    0.000285123    0.001141252
   36.622094576    0.000225201    0.000868970
   36.776618182    0.000178639    0.000663644
   36.931141788    0.000142230    0.000508708
   37.085665393    0.000113645    0.000391576
   37.240188999    0.000091142    0.000302762
   37.394712605    0.000073347    0.000235175
   37.549236211    0.000059186    0.000183533
   37.703759817    0.000047865    0.000143901
   37.858283422    0.000038806    0.000113339
   38.012807028    0.000031544    0.000089653
   38.167330634    0.000025691    0.000071209
   38.321854240    0.000020946    0.000056780
   38.476377846    0.000017099    0.000045440
   38.630901451    0.000013984    0.000036486
   38.785425057    0.000011453    0.000029385
   38.939948663    0.000009385    0.000023733
   39.094472269    0.000007692    0.000019219
   39.248995875    0.000006312    0.000015600
   39.403519480    0.000005189    0.000012690
   39.558043086    0.000004269    0.000010343
   39.712566692    0.000003510    0.000008448
   39.867090298    0.000002888    0.000006914
   40.021613904    0.000002381    0.000005670
   40.176137509    0.000001967    0.000004661
   40.330661115    0.000001626    0.000003843
   40.485184721    0.000001346    0.000003181
   40.639708327    0.000001119    0.000002646
   40.794231933    0.000000937    0.000002217
   40.948755539    0.000000792    0.000001876
   41.103279144    0.000000676    0.000001609
   41.257802750    0.000000586    0.000001405
   41.412326356    0.000000521    0.000001257
   41.566849962    0.000000478    0.000001157
