    0.000000000    0.000000460    0.000001189
    0.154523606    0.000000436    0.000001140
    0.309047212    0.000000432    0.000001137
    0.463570817    0.000000450    0.000001181
    0.618094423    0.000000489    0.000001273
    0.772618029    0.000000550    0.000001418
    0.927141635    0.000000634    0.000001623
    1.081665240    0.000000747    0.000001897
    1.236188846    0.000000891    0.000002252
    1.390712452    0.000001074    0.000002702
    1.545236058    0.000001303    0.000003270
    1.699759663    0.000001584    0.000003979
    1.854283269    0.000001931    0.000004861
    2.008806875    0.000002360    0.000005956
    2.163330481    0.000002889    0.000007316
    2.317854086    0.000003537    0.000009004
    2.472377692    0.000004330    0.000011104
    2.626901298    0.000005306    0.000013718
    2.781424904    0.000006513    0.000016978
    2.935948509    0.000007998    0.000021056
    3.090472115    0.000009821    0.000026174
    3.244995721    0.000012068    0.000032612
    3.399519327    0.000014852    0.000040740
    3.554042932    0.000018301    0.000051040
    3.708566538    0.000022564    0.000064150
    3.863090144    0.000027844    0.000080903
    4.017613750    0.000034423    0.000102402
    4.172137355    0.000042653    0.000130116
    4.326660961    0.000052944    0.000166014
    4.481184567    0.000065831    0.000212729
    4.635708173    0.000082053    0.000273777
    4.790231778    0.000102593    0.000353889
    4.944755384    0.000128674    0.000459431
    5.099278990    0.000161856    0.000598941
    5.253802596    0.000204263    0.000783791
    5.408326201    0.000258812    0.001029060
    5.562849807    0.000329326    0.001354607
    5.717373413    0.000420768    0.001786218
    5.871897019    0.000539827    0.002356661
    6.026420624    0.000695738    0.003106487
    6.180944230    0.000901001    0.004083961
    6.335467836    0.001172193    0.005342931
    6.489991442    0.001531519    0.006937893
    6.644515047    0.002009291    0.008917907
    6.799038653    0.002646555    0.011322889
    6.953562259    0.003497583    0.014182356
    7.108085865    0.004633316    0.017507567
    7.262609470    0.006146564    0.021266260
    7.417133076    0.008156991    0.025355849
    7.571656682    0.010812834    0.029623822
    7.726180288    0.014288917    0.033943556
    7.880703893    0.018780067    0.038258060
    8.035227499    0.024479513    0.042526164
    8.189751105    0.031527188    0.046653334
    8.344274711    0.039939876    0.050513488
    8.498798316    0.049582419    0.054024470
    8.653321922    0.060227125    0.057176308
    8.807845528    0.071615361    0.059997627
    8.962369134    0.083292134    0.062513758
    9.116892740    0.094171573    0.064731698
    9.271416345    0.102498547    0.066649345
    9.425939951    0.107028637    0.068272129
    9.580463557    0.108414121    0.069624490
    9.734987163    0.108402427    0.070753539
    9.889510768    0.107398336    0.071729194
   10.044034374    0.104080252    0.072646919
   10.198557980    0.097676041    0.073637744
   10.353081586    0.089306088    0.074884007
   10.507605191    0.080805237    0.076622780
   10.662128797    0.073179535    0.079100537
   10.816652403    0.066400837    0.082458003
   10.971176009    0.060081833    0.086602551
   11.125699614    0.054087740    0.091208890
   11.280223220    0.048726582    0.095919734
   11.434746826    0.044621859    0.100567320
   11.589270432    0.042515134    0.105138294
   11.743794037    0.043171460    0.109523591
   11.898317643    0.047422633    0.113404520
   12.052841249    0.056297814    0.116420104
   12.207364855    0.071096443    0.118386647
   12.361888460    0.093051747    0.119352966
   12.516412066    0.122171051    0.119517520
   12.670935672    0.155552004    0.119126423
   12.825459278    0.186905852    0.118412183
   12.979982883    0.209330045    0.117570416
   13.134506489    0.220269632    0.116752559
   13.289030095    0.223218292    0.116062398
   13.443553701    0.222688468    0.115556308
   13.598077306    0.218034852    0.115247205
   13.752600912    0.204421576    0.115107088
   13.907124518    0.179469841    0.115062617
   14.061648124    0.146839625    0.114983522
   14.216171729    0.113464049    0.114671771
   14.370695335    0.084919105    0.113869437
   14.525218941    0.063402091    0.112308901
   14.679742547    0.048544843    0.109811284
   14.834266152    0.039037651    0.106390201
   14.988789758    0.033641316    0.102275608
   15.143313364    0.031472571    0.097800373
   15.297836970    0.031969612    0.093217025
   15.452360575    0.034787561    0.088627666
   15.606884181    0.039668522    0.084116227
   15.761407787    0.046310856    0.079914641
   15.915931393    0.054320434    0.076376334
   16.070454998    0.063302681    0.073779159
   16.224978604    0.072993387    0.072172636
   16.379502210    0.083157647    0.071390992
   16.534025816    0.093111585    0.071170839
   16.688549421    0.101378785    0.071261413
   16.843073027    0.106465204    0.071476941
   16.997596633    0.108388762    0.071702144
   17.152120239    0.108634605    0.071878118
   17.306643845    0.107954482    0.071986817
   17.461167450    0.105248878    0.072042427
   17.615691056    0.099381934    0.072092875
   17.770214662    0.091012161    0.072231981
   17.924738268    0.081910262    0.072617622
   18.079261873    0.073300971    0.073478945
   18.233785479    0.065377996    0.075080030
   18.388309085    0.057898272    0.077614991
   18.542832691    0.050809199    0.081074333
   18.697356296    0.044425830    0.085208776
   18.851879902    0.039271393    0.089676313
   19.006403508    0.035871919    0.094244957
   19.160927114    0.034687095    0.098819864
   19.315450719    0.036177807    0.103287456
   19.469974325    0.040929730    0.107403576
   19.624497931    0.049788501    0.110854611
   19.779021537    0.063961454    0.113403020
   19.933545142    0.084835755    0.114988856
   20.088068748    0.113020524    0.115736156
   20.242592354    0.146531675    0.115882119
   20.397115960    0.179595128    0.115685800
   20.551639565    0.204739860    0.115365647
   20.706163171    0.218153620    0.115076612
   20.860686777    0.222604877    0.114912978
   21.015210383    0.223007286    0.114921036
   21.169733988    0.219644264    0.115109858
   21.324257594    0.208151889    0.115453355
   21.478781200    0.185657799    0.115883203
   21.633304806    0.154722395    0.116277668
   21.787828411    0.121556165    0.116452799
   21.942352017    0.091983459    0.116164118
   22.096875623    0.069027084    0.115135005
   22.251399229    0.052990283    0.113133530
   22.405922834    0.042805385    0.110093529
   22.560446440    0.037199943    0.106200628
   22.714970046    0.035180554    0.101817076
   22.869493652    0.036073357    0.097253700
   23.024017257    0.039407661    0.092627578
   23.178540863    0.044765222    0.087986829
   23.333064469    0.051675920    0.083527231
   23.487588075    0.059650140    0.079606043
   23.642111680    0.068339732    0.076546124
   23.796635286    0.077618725    0.074456611
   23.951158892    0.087292693    0.073215254
   24.105682498    0.096494818    0.072574595
   24.260206103    0.103595092    0.072281729
   24.414729709    0.107417344    0.072143258
   24.569253315    0.108564816    0.072035194
   24.723776921    0.108520473    0.071887990
   24.878300526    0.107354229    0.071670673
   25.032824132    0.103625550    0.071384093
   25.187347738    0.096661942    0.071064961
   25.341871344    0.087628081    0.070798335
   25.496394949    0.078224437    0.070732992
   25.650918555    0.069318331    0.071088209
   25.805442161    0.060949534    0.072129921
   25.959965767    0.053010625    0.074091415
   26.114489373    0.045668628    0.077049610
   26.269012978    0.039343605    0.080844527
   26.423536584    0.034498345    0.085150463
   26.578060190    0.031500457    0.089669310
   26.732583796    0.030640431    0.094249396
   26.887107401    0.032243147    0.098804772
   27.041631007    0.036786935    0.103159901
   27.196154613    0.045010270    0.107019192
   27.350678219    0.058016560    0.110089139
   27.505201824    0.077220164    0.112227271
   27.659725430    0.103661521    0.113499749
   27.814249036    0.136330033    0.114125910
   27.968772642    0.170449690    0.114371950
   28.123296247    0.198468033    0.114468257
   28.277819853    0.215065750    0.114578020
   28.432343459    0.221535978    0.114801680
   28.586867065    0.223022614    0.115192452
   28.741390670    0.221238640    0.115766802
   28.895914276    0.212503779    0.116504661
   29.050437882    0.193144210    0.117343045
   29.204961488    0.164376750    0.118169937
   29.359485093    0.131677746    0.118819976
   29.514008699    0.101130272    0.119067975
   29.668532305    0.076603573    0.118628471
   29.823055911    0.059161623    0.117202958
   29.977579516    0.048076302    0.114620017
   30.132103122    0.042087685    0.111000046
   30.286626728    0.040089841    0.106731831
   30.441150334    0.041269746    0.102189176
   30.595673939    0.044999191    0.097496822
   30.750197545    0.050689629    0.092651523
   30.904721151    0.057746523    0.087808992
   31.059244757    0.065682568    0.083340883
   31.213768362    0.074267540    0.079626489
   31.368291968    0.083420129    0.076841697
   31.522815574    0.092673918    0.074914426
   31.677339180    0.100692219    0.073617081
   31.831862785    0.105876158    0.072688725
   31.986386391    0.107968768    0.071910108
   32.140909997    0.108360370    0.071120833
   32.295433603    0.107969601    0.070206560
   32.449957208    0.105713762    0.069082151
   32.604480814    0.100106177    0.067681686
   32.759004420    0.091440495    0.065956223
   32.913528026    0.081441495    0.063874471
   33.068051631    0.071516899    0.061419398
   33.222575237    0.062057943    0.058578926
   33.377098843    0.052948490    0.055340853
   33.531622449    0.044169963    0.051709007
   33.686146054    0.035952715    0.047738689
   33.840669660    0.028610877    0.043547662
   33.995193266    0.022355800    0.039262858
   34.149716872    0.017233022    0.034954760
   34.304240477    0.013159530    0.030656480
   34.458764083    0.009987559    0.026443987
   34.613287689    0.007553049    0.022452378
   34.767811295    0.005702732    0.018804758
   34.922334901    0.004305753    0.015555047
   35.076858506    0.003255734    0.012700717
   35.231382112    0.002468298    0.010223486
   35.385905718    0.001877779    0.008109641
   35.540429324    0.001434261    0.006346151
   35.694952929    0.001100489    0.004910724
   35.849476535    0.000848665    0.003768469
   36.004000141    0.000657902    0.002876014
   36.158523747    0.000512620    0.002188147
   36.313047352    0.000401423    0.001662956
   36.467570958    0.000315969    0.001264430
   36.622094564    0.000249992    0.000963111
   36.776618170    0.000198726    0.000735663
   36.931141775    0.000158639    0.000563978
   37.085665381    0.000127162    0.000434198
   37.240188987    0.000102364    0.000335837
   37.394712593    0.000082719    0.000261032
   37.549236198    0.000067050    0.000203916
   37.703759804    0.000054498    0.000160106
   37.858283410    0.000044428    0.000126333
   38.012807016    0.000036325    0.000100160
   38.167330621    0.000029763    0.000079774
   38.321854227    0.000024420    0.000063815
   38.476377833    0.000020068    0.000051257
   38.630901439    0.000016525    0.000041324
   38.785425044    0.000013628    0.000033431
   38.939948650    0.000011242    0.000027131
   39.094472256    0.000009276    0.000022083
   39.248995862    0.000007662    0.000018020
   39.403519467    0.000006339    0.000014738
   39.558043073    0.000005244    0.000012080
   39.712566679    0.000004335    0.000009920
   39.867090285    0.000003582    0.000008161
   40.021613890    0.000002963    0.000006726
   40.176137496    0.000002453    0.000005552
   40.330661102    0.000002027    0.000004594
   40.485184708    0.000001674    0.000003811
   40.639708313    0.000001385    0.000003171
   40.794231919    0.000001149    0.000002652
   40.948755525    0.000000956    0.000002232
   41.103279131    0.000000799    0.000001897
   41.257802736    0.000000673    0.000001633
   41.412326342    0.000000577    0.000001432
   41.566849948    0.000000507    0.000001285
