    0.000000000    0.000000452    0.000001138
    0.154523606    0.000000435    0.000001105
    0.309047212    0.000000439    0.000001117
    0.463570818    0.000000462    0.000001173
    0.618094423    0.000000506    0.000001277
    0.772618029    0.000000572    0.000001434
    0.927141635    0.000000662    0.000001649
    1.081665241    0.000000780    0.000001934
    1.236188847    0.000000929    0.000002299
    1.390712453    0.000001118    0.000002761
    1.545236059    0.000001353    0.000003339
    1.699759664    0.000001642    0.000004060
    1.854283270    0.000001996    0.000004955
    2.008806876    0.000002434    0.000006065
    2.163330482    0.000002973    0.000007440
    2.317854088    0.000003633    0.000009146
    2.472377694    0.000004440    0.000011266
    2.626901299    0.000005430    0.000013902
    2.781424905    0.000006653    0.000017189
    2.935948511    0.000008159    0.000021298
    3.090472117    0.000010005    0.000026450
    3.244995723    0.000012276    0.000032931
    3.399519329    0.000015087    0.000041110
    3.554042935    0.000018568    0.000051473
    3.708566540    0.000022869    0.000064660
    3.863090146    0.000028191    0.000081511
    4.017613752    0.000034816    0.000103135
    4.172137358    0.000043098    0.000131012
    4.326660964    0.000053456    0.000167125
    4.481184570    0.000066422    0.000214124
    4.635708176    0.000082734    0.000275555
    4.790231781    0.000103379    0.000356181
    4.944755387    0.000129597    0.000462414
    5.099278993    0.000162957    0.000602847
    5.253802599    0.000205590    0.000788925
    5.408326205    0.000260421    0.001035803
    5.562849811    0.000331310    0.001363407
    5.717373417    0.000423274    0.001797564
    5.871897022    0.000543044    0.002371014
    6.026420628    0.000699900    0.003124113
    6.180944234    0.000906442    0.004104602
    6.335467840    0.001179416    0.005365274
    6.489991446    0.001541211    0.006958851
    6.644515052    0.002022306    0.008931814
    6.799038657    0.002663976    0.011321087
    6.953562263    0.003520847    0.014154249
    7.108085869    0.004664219    0.017444388
    7.262609475    0.006187020    0.021166918
    7.417133081    0.008208685    0.025229790
    7.571656687    0.010876791    0.029485296
    7.726180293    0.014364444    0.033802000
    7.880703898    0.018862287    0.038117340
    8.035227504    0.024555312    0.042393284
    8.189751110    0.031570266    0.046542089
    8.344274716    0.039905853    0.050437068
    8.498798322    0.049406810    0.053987457
    8.653321928    0.059835187    0.057174312
    8.807845534    0.070958664    0.060021586
    8.962369139    0.082416424    0.062553648
    9.116892745    0.093268842    0.064778427
    9.271416351    0.101832225    0.066695663
    9.425939957    0.106718945    0.068313099
    9.580463563    0.108340877    0.069657504
    9.734987169    0.108426546    0.070777922
    9.889510775    0.107598509    0.071745760
   10.044034380    0.104626554    0.072657933
   10.198557986    0.098553892    0.073647431
   10.353081592    0.090300933    0.074899209
   10.507605198    0.081693699    0.076652889
   10.662128804    0.073845831    0.079156001
   10.816652410    0.066822386    0.082547842
   10.971176015    0.060283696    0.086731893
   11.125699621    0.054117927    0.091376158
   11.280223227    0.048644576    0.096114519
   11.434746833    0.044486913    0.100774304
   11.589270439    0.042374888    0.105346559
   11.743794045    0.043058250    0.109728393
   11.898317651    0.047359621    0.113597370
   12.052841256    0.056307729    0.116583411
   12.207364862    0.071200297    0.118502817
   12.361888468    0.093248810    0.119415622
   12.516412074    0.122412983    0.119532475
   12.670935680    0.155754707    0.119105452
   12.825459286    0.187017689    0.118367413
   12.979982892    0.209375461    0.117511742
   13.134506497    0.220291263    0.116686858
   13.289030103    0.223213567    0.115993347
   13.443553709    0.222647250    0.115484526
   13.598077315    0.217972396    0.115170698
   13.752600921    0.204322939    0.115021781
   13.907124527    0.179277582    0.114962610
   14.061648133    0.146539036    0.114860881
   14.216171738    0.113121058    0.114516324
   14.370695344    0.084615028    0.113669981
   14.525218950    0.063170254    0.112057385
   14.679742556    0.048371406    0.109508991
   14.834266162    0.038891920    0.106050229
   14.988789768    0.033495814    0.101916358
   15.143313373    0.031306806    0.097435205
   15.297836979    0.031766385    0.092852429
   15.452360585    0.034529187    0.088271299
   15.606884191    0.039335333    0.083782352
   15.761407797    0.045880348    0.079619989
   15.915931403    0.053764501    0.076132503
   16.070455009    0.062586389    0.073588813
   16.224978614    0.072090212    0.072030646
   16.379502220    0.082098093    0.071288291
   16.534025826    0.092044850    0.071098221
   16.688549432    0.100548644    0.071211536
   16.843073038    0.106028698    0.071444656
   16.997596644    0.108262423    0.071684121
   17.152120250    0.108644184    0.071872426
   17.306643855    0.108118981    0.071992687
   17.461167461    0.105748728    0.072060214
   17.615691067    0.100263876    0.072124243
   17.770214673    0.092090413    0.072280280
   17.924738279    0.082946787    0.072688250
   18.079261885    0.074166893    0.073579090
   18.233785491    0.066056160    0.075216955
   18.388309096    0.058418487    0.077792913
   18.542832702    0.051204284    0.081291567
   18.697356308    0.044719926    0.085456985
   18.851879914    0.039482428    0.089942860
   19.006403520    0.036014443    0.094518347
   19.160927126    0.034772908    0.099094181
   19.315450731    0.036217359    0.103559451
   19.469974337    0.040936073    0.107664908
   19.624497943    0.049781263    0.111090391
   19.779021549    0.063963740    0.113599711
   19.933545155    0.084857400    0.115141985
   20.088068761    0.113036838    0.115850421
   20.242592367    0.146497032    0.115966373
   20.397115972    0.179511217    0.115748575
   20.551639578    0.204684094    0.115413453
   20.706163184    0.218175558    0.115114063
   20.860686790    0.222649602    0.114943320
   21.015210396    0.223040032    0.114946419
   21.169734002    0.219750728    0.115131311
   21.324257608    0.208385149    0.115470516
   21.478781213    0.185900970    0.115893850
   21.633304819    0.154823417    0.116277159
   21.787828425    0.121503638    0.116433989
   21.942352031    0.091877782    0.116118955
   22.096875637    0.068954958    0.115058722
   22.251399243    0.052973530    0.113029410
   22.405922849    0.042826251    0.109972314
   22.560446454    0.037235165    0.106072587
   22.714970060    0.035213850    0.101686294
   22.869493666    0.036091934    0.097122682
   23.024017272    0.039395194    0.092503160
   23.178540878    0.044697475    0.087877219
   23.333064484    0.051519441    0.083437111
   23.487588089    0.059363987    0.079537657
   23.642111695    0.067884487    0.076501138
   23.796635301    0.076981554    0.074434245
   23.951158907    0.086531003    0.073210837
   24.105682513    0.095764232    0.072581430
   24.260206119    0.103083820    0.072293976
   24.414729725    0.107190930    0.072157382
   24.569253330    0.108518232    0.072049882
   24.723776936    0.108559305    0.071903557
   24.878300542    0.107551974    0.071688716
   25.032824148    0.104102203    0.071407645
   25.187347754    0.097382440    0.071099077
   25.341871360    0.088414625    0.070850995
   25.496394966    0.078910433    0.070816037
   25.650918571    0.069831327    0.071217260
   25.805442177    0.061292573    0.072321275
   25.959965783    0.053219784    0.074354749
   26.114489389    0.045787192    0.077380007
   26.269012995    0.039411378    0.081222246
   26.423536601    0.034547670    0.085551983
   26.578060206    0.031555718    0.090079328
   26.732583812    0.030720921    0.094660540
   26.887107418    0.032368417    0.099207578
   27.041631024    0.036983266    0.103537074
   27.196154630    0.045317390    0.107350324
   27.350678236    0.058490040    0.110360212
   27.505201842    0.077915059    0.112437056
   27.659725447    0.104581945    0.113659316
   27.814249053    0.137367856    0.114252918
   27.968772659    0.171395678    0.114484581
   28.123296265    0.199139786    0.114582086
   28.277819871    0.215434350    0.114705588
   28.432343477    0.221701870    0.114952989
   28.586867083    0.223089608    0.115374969
   28.741390688    0.221227914    0.115984462
   28.895914294    0.212339614    0.116756258
   29.050437900    0.192713684    0.117621035
   29.204961506    0.163661813    0.118460650
   29.359485112    0.130831539    0.119105514
   29.514008718    0.100387824    0.119329517
   29.668532324    0.076132632    0.118850856
   29.823055929    0.059011371    0.117379871
   29.977579535    0.048224813    0.114756578
   30.132103141    0.042498926    0.111109208
   30.286626747    0.040732696    0.106826853
   30.441150353    0.042105213    0.102279151
   30.595673959    0.045958257    0.097587340
   30.750197564    0.051663316    0.092746787
   30.904721170    0.058602686    0.087913269
   31.059244776    0.066307763    0.083458530
   31.213768382    0.074611636    0.079758716
   31.368291988    0.083515130    0.076982060
   31.522815594    0.092615431    0.075048666
   31.677339200    0.100593221    0.073728314
   31.831862805    0.105813356    0.072763017
   31.986386411    0.107955528    0.071938463
   32.140910017    0.108375479    0.071098051
   32.295433623    0.108009323    0.070129433
   32.449957229    0.105794349    0.068948736
   32.604480835    0.100214084    0.067492036
   32.759004441    0.091501668    0.065713866
   32.913528046    0.081345196    0.063587382
   33.068051652    0.071166455    0.061099360
   33.222575258    0.061415144    0.058239126
   33.377098864    0.052052977    0.054992722
   33.531622470    0.043123844    0.051359790
   33.686146076    0.034878928    0.047390831
   33.840669682    0.027610958    0.043200332
   33.995193287    0.021488648    0.038914532
   34.149716893    0.016517244    0.034604648
   34.304240499    0.012587787    0.030303858
   34.458764105    0.009540740    0.026087415
   34.613287711    0.007209067    0.022090914
   34.767811317    0.005440605    0.018440384
   34.922334922    0.004107215    0.015194151
   35.076858528    0.003105766    0.012353533
   35.231382134    0.002355050    0.009901763
   35.385905740    0.001792124    0.007823530
   35.540429346    0.001369246    0.006101712
   35.694952952    0.001050868    0.004709091
   35.849476558    0.000810534    0.003606710
   36.004000163    0.000628379    0.002748838
   36.158523769    0.000489578    0.002089513
   36.313047375    0.000383279    0.001587117
   36.467570981    0.000301548    0.001206400
   36.622094587    0.000238424    0.000918785
   36.776618193    0.000189368    0.000701775
   36.931141799    0.000151006    0.000537991
   37.085665404    0.000120886    0.000414176
   37.240189010    0.000097164    0.000320315
   37.394712616    0.000078382    0.000248912
   37.549236222    0.000063414    0.000194374
   37.703759828    0.000051434    0.000152531
   37.858283434    0.000041833    0.000120268
   38.012807040    0.000034120    0.000095263
   38.167330645    0.000027884    0.000075787
   38.321854251    0.000022817    0.000060545
   38.476377857    0.000018697    0.000048557
   38.630901463    0.000015352    0.000039080
   38.785425069    0.000012623    0.000031556
   38.939948675    0.000010382    0.000025558
   39.094472280    0.000008541    0.000020757
   39.248995886    0.000007035    0.000016900
   39.403519492    0.000005804    0.000013790
   39.558043098    0.000004790    0.000011275
   39.712566704    0.000003949    0.000009238
   39.867090310    0.000003257    0.000007582
   40.021613916    0.000002690    0.000006235
   40.176137521    0.000002224    0.000005137
   40.330661127    0.000001837    0.000004243
   40.485184733    0.000001518    0.000003515
   40.639708339    0.000001258    0.000002924
   40.794231945    0.000001048    0.000002446
   40.948755551    0.000000876    0.000002062
   41.103279157    0.000000738    0.000001757
   41.257802762    0.000000629    0.000001520
   41.412326368    0.000000547    0.000001342
   41.566849974    0.000000489    0.000001216
