    0.000000000    0.000081171    0.000101892
    0.154523606    0.000097099    0.000111848
    0.309047212    0.000113571    0.000122000
    0.463570817    0.000130347    0.000132293
    0.618094423    0.000147193    0.000142674
    0.772618029    0.000163691    0.000153091
    0.927141635    0.000179334    0.000163491
    1.081665241    0.000193775    0.000173823
    1.236188846    0.000206924    0.000184030
    1.390712452    0.000218821    0.000194048
    1.545236058    0.000229479    0.000203810
    1.699759664    0.000238893    0.000213247
    1.854283270    0.000247117    0.000222302
    2.008806875    0.000254249    0.000230950
    2.163330481    0.000260364    0.000239211
    2.317854087    0.000265500    0.000247142
    2.472377693    0.000269742    0.000254828
    2.626901299    0.000273258    0.000262394
    2.781424905    0.000276231    0.000270017
    2.935948510    0.000278802    0.000277948
    3.090472116    0.000281117    0.000286513
    3.244995722    0.000283399    0.000296117
    3.399519328    0.000285917    0.000307265
    3.554042934    0.000288918    0.000320592
    3.708566539    0.000292634    0.000336902
    3.863090145    0.000297387    0.000357208
    4.017613751    0.000303620    0.000382810
    4.172137357    0.000311826    0.000415402
    4.326660963    0.000322510    0.000457217
    4.481184568    0.000336331    0.000511185
    4.635708174    0.000354267    0.000581182
    4.790231780    0.000377609    0.000672368
    4.944755386    0.000407902    0.000791643
    5.099278992    0.000447036    0.000948190
    5.253802597    0.000497519    0.001154176
    5.408326203    0.000562662    0.001425666
    5.562849809    0.000646638    0.001783715
    5.717373415    0.000754770    0.002255492
    5.871897021    0.000894284    0.002875275
    6.026420626    0.001075178    0.003685090
    6.180944232    0.001310857    0.004734234
    6.335467838    0.001618962    0.006076454
    6.489991444    0.002023179    0.007764482
    6.644515050    0.002555880    0.009844270
    6.799038655    0.003260662    0.012352357
    6.953562261    0.004194799    0.015314717
    7.108085867    0.005433059    0.018736241
    7.262609473    0.007073155    0.022572951
    7.417133079    0.009240146    0.026710978
    7.571656684    0.012087067    0.030999667
    7.726180290    0.015791966    0.035326861
    7.880703896    0.020548981    0.039641603
    8.035227502    0.026540425    0.043888915
    8.189751108    0.033878018    0.047959218
    8.344274714    0.042537019    0.051730693
    8.498798319    0.052348972    0.055139136
    8.653321925    0.063079786    0.058188232
    8.807845531    0.074466911    0.060908979
    8.962369137    0.085985135    0.063322871
    9.116892743    0.096415267    0.065433900
    9.271416348    0.104013337    0.067241008
    9.425939954    0.107863850    0.068753981
    9.580463560    0.108934636    0.070002517
    9.734987166    0.108762838    0.071038074
    9.889510772    0.107257970    0.071933645
   10.044034377    0.103068422    0.072787399
   10.198557983    0.095905841    0.073734359
   10.353081589    0.087234258    0.074963218
   10.507605195    0.078783279    0.076717432
   10.662128801    0.071279348    0.079241883
   10.816652406    0.064542099    0.082658180
   10.971176012    0.058208771    0.086840502
   11.125699618    0.052250869    0.091443049
   11.280223224    0.047064472    0.096124745
   11.434746830    0.043300462    0.100748176
   11.589270435    0.041680885    0.105297023
   11.743794041    0.042938256    0.109628805
   11.898317647    0.047884266    0.113411786
   12.052841253    0.057552022    0.116310808
   12.207364859    0.073258501    0.118175516
   12.361888464    0.096204322    0.119069911
   12.516412070    0.126191058    0.119193350
   12.670935676    0.159874344    0.118790129
   12.825459282    0.190543177    0.118091834
   12.979982888    0.211478946    0.117291926
   13.134506493    0.221055724    0.116536478
   13.289030099    0.223449641    0.115921419
   13.443553705    0.222655798    0.115495064
   13.598077311    0.217057399    0.115263600
   13.752600917    0.201832500    0.115193496
   13.907124523    0.175543964    0.115206174
   14.061648128    0.142523537    0.115165863
   14.216171734    0.109594137    0.114869058
   14.370695340    0.081869252    0.114053546
   14.525218946    0.061198818    0.112450990
   14.679742552    0.047084737    0.109889466
   14.834266157    0.038211071    0.106400982
   14.988789763    0.033364661    0.102239315
   15.143313369    0.031687994    0.097746094
   15.297836975    0.032641599    0.093156547
   15.452360581    0.035894266    0.088553370
   15.606884186    0.041185673    0.084028865
   15.761407792    0.048201202    0.079840535
   15.915931398    0.056544250    0.076350436
   16.070455004    0.065838376    0.073818974
   16.224978610    0.075816513    0.072270783
   16.379502215    0.086127169    0.071524681
   16.534025821    0.095836245    0.071313983
   16.688549427    0.103331081    0.071391835
   16.843073033    0.107437267    0.071578558
   16.997596639    0.108725204    0.071764305
   17.152120244    0.108710971    0.071893838
   17.306643850    0.107576361    0.071950910
   17.461167456    0.103944774    0.071950136
   17.615691062    0.097124253    0.071939172
   17.770214668    0.088291485    0.072011197
   17.924738273    0.079236975    0.072323024
   18.079261879    0.070889380    0.073102758
   18.233785485    0.063216702    0.074615445
   18.388309091    0.055931365    0.077060529
   18.542832697    0.049031040    0.080437899
   18.697356302    0.042879128    0.084508428
   18.851879908    0.038008352    0.088936471
   19.006403514    0.034926320    0.093487949
   19.160927120    0.034068391    0.098058624
   19.315450726    0.035874913    0.102529980
   19.469974332    0.040911575    0.106666311
   19.624497937    0.050001826    0.110166151
   19.779021543    0.064339935    0.112791133
   19.933545149    0.085331711    0.114466220
   20.088068755    0.113633697    0.115299194
   20.242592361    0.147254263    0.115519660
   20.397115966    0.180270514    0.115386636
   20.551639572    0.205094298    0.115120281
   20.706163178    0.218138347    0.114875644
   20.860686784    0.222512140    0.114745793
   21.015210390    0.222977847    0.114776157
   21.169733995    0.219360272    0.114976617
   21.324257601    0.207353037    0.115324215
   21.478781207    0.184620273    0.115756338
   21.633304813    0.153916035    0.116159028
   21.787828419    0.121114141    0.116355873
   21.942352024    0.091713721    0.116104940
   22.096875630    0.068728364    0.115121812
   22.251399236    0.052605769    0.113157755
   22.405922842    0.042372154    0.110135123
   22.560446448    0.036763211    0.106246695
   22.714970053    0.034762071    0.101867920
   22.869493659    0.035685425    0.097305310
   23.024017265    0.039079876    0.092661626
   23.178540871    0.044564862    0.087986701
   23.333064477    0.051714663    0.083490943
   23.487588082    0.060069066    0.079537342
   23.642111688    0.069261056    0.076445745
   23.796635294    0.079058386    0.074327781
   23.951158900    0.089055518    0.073069631
   24.105682506    0.098152834    0.072428305
   24.260206111    0.104704704    0.072147477
   24.414729717    0.107883609    0.072026239
   24.569253323    0.108668969    0.071933690
   24.723776929    0.108446879    0.071795537
   24.878300535    0.106885752    0.071576951
   25.032824141    0.102487142    0.071273488
   25.187347746    0.094959095    0.070912997
   25.341871352    0.085780257    0.070566422
   25.496394958    0.076626096    0.070362741
   25.650918564    0.068165055    0.070500094
   25.805442170    0.060259961    0.071236571
   25.959965775    0.052695212    0.072833945
   26.114489381    0.045585073    0.075442633
   26.269012987    0.039341207    0.078985077
   26.423536593    0.034449472    0.083163945
   26.578060199    0.031308257    0.087642065
   26.732583804    0.030220784    0.092224201
   26.887107410    0.031493300    0.096832020
   27.041631016    0.035552570    0.101328941
   27.196154622    0.043050296    0.105436405
   27.350678228    0.054977047    0.108832425
   27.505201833    0.072694868    0.111313370
   27.659725439    0.097470315    0.112882036
   27.814249045    0.128989865    0.113719935
   27.968772651    0.163370046    0.114087830
   28.123296257    0.193265809    0.114230308
   28.277819862    0.212355305    0.114328783
   28.432343468    0.220621962    0.114498278
   28.586867074    0.223000269    0.114803126
   28.741390680    0.222081234    0.115271579
   28.895914286    0.214910182    0.115900151
   29.050437891    0.197645685    0.116648265
   29.204961497    0.170680750    0.117429252
   29.359485103    0.138649727    0.118101277
   29.514008709    0.107381700    0.118456098
   29.668532315    0.081207444    0.118211294
   29.823055920    0.061892589    0.117044219
   29.977579526    0.049147016    0.114724134
   30.132103132    0.041803083    0.111300660
   30.286626738    0.038686845    0.107132274
   30.441150344    0.038929454    0.102623471
   30.595673950    0.041932124    0.097944150
   30.750197555    0.047207599    0.093095524
   30.904721161    0.054255423    0.088200813
   31.059244767    0.062574964    0.083607545
   31.213768373    0.071777670    0.079711463
   31.368291979    0.081565397    0.076741215
   31.522815584    0.091350198    0.074681681
   31.677339190    0.099813002    0.073334320
   31.831862796    0.105367926    0.072433096
   31.986386402    0.107678942    0.071736402
   32.140910008    0.108145671    0.071062700
   32.295433613    0.107901887    0.070285159
   32.449957219    0.106017243    0.069312738
   32.604480825    0.100865579    0.068074590
   32.759004431    0.092542401    0.066513339
   32.913528037    0.082813988    0.064585218
   33.068051642    0.073278711    0.062260666
   33.222575248    0.064393523    0.059520749
   33.377098854    0.055893339    0.056354462
   33.531622460    0.047523433    0.052771165
   33.686146066    0.039361986    0.048830570
   33.840669671    0.031729660    0.044654021
   33.995193277    0.024960524    0.040374966
   34.149716883    0.019248333    0.036069869
   34.304240489    0.014618938    0.031769111
   34.458764095    0.010978418    0.027539759
   34.613287700    0.008176307    0.023513543
   34.767811306    0.006052404    0.019818093
   34.922334912    0.004461166    0.016510182
   35.076858518    0.003279739    0.013582497
   35.231382124    0.002408222    0.011009340
   35.385905729    0.001767776    0.008775536
   35.540429335    0.001298122    0.006876044
   35.694952941    0.000954214    0.005302647
   35.849476547    0.000702561    0.004034273
   36.004000153    0.000518248    0.003036464
   36.158523759    0.000382947    0.002266994
   36.313047364    0.000283432    0.001682589
   36.467570970    0.000210171    0.001243725
   36.622094576    0.000156161    0.000916886
   36.776618182    0.000116218    0.000674963
   36.931141788    0.000086585    0.000496661
   37.085665393    0.000064584    0.000365601
   37.240188999    0.000048258    0.000269394
   37.394712605    0.000036122    0.000198807
   37.549236211    0.000027069    0.000147015
   37.703759817    0.000020313    0.000108997
   37.858283422    0.000015293    0.000081072
   38.012807028    0.000011577    0.000060556
   38.167330634    0.000008827    0.000045501
   38.321854240    0.000006802    0.000034490
   38.476377846    0.000005339    0.000026492
   38.630901451    0.000004317    0.000020759
   38.785425057    0.000003637    0.000016759
   38.939948663    0.000003229    0.000014116
   39.094472269    0.000003054    0.000012571
   39.248995875    0.000003091    0.000011959
   39.403519480    0.000003329    0.000012188
   39.558043086    0.000003769    0.000013225
   39.712566692    0.000004429    0.000015063
   39.867090298    0.000005348    0.000017698
   40.021613904    0.000006572    0.000021119
   40.176137509    0.000008164    0.000025309
   40.330661115    0.000010214    0.000030251
   40.485184721    0.000012847    0.000035925
   40.639708327    0.000016216    0.000042300
   40.794231933    0.000020506    0.000049328
   40.948755538    0.000025963    0.000056950
   41.103279144    0.000032945    0.000065104
   41.257802750    0.000041863    0.000073734
   41.412326356    0.000052994    0.000082780
   41.566849962    0.000066258    0.000092185
