    0.000000000    0.000283609    0.000372876
    0.154523606    0.000351424    0.000409637
    0.309047212    0.000421833    0.000446552
    0.463570818    0.000492786    0.000483332
    0.618094423    0.000562398    0.000519692
    0.772618029    0.000628512    0.000555354
    0.927141635    0.000689239    0.000590042
    1.081665241    0.000743661    0.000623470
    1.236188847    0.000791636    0.000655326
    1.390712453    0.000833036    0.000685257
    1.545236058    0.000867448    0.000712852
    1.699759664    0.000894577    0.000737651
    1.854283270    0.000914578    0.000759209
    2.008806876    0.000927834    0.000777188
    2.163330482    0.000934614    0.000791409
    2.317854088    0.000935134    0.000801838
    2.472377694    0.000929864    0.000808553
    2.626901299    0.000919534    0.000811733
    2.781424905    0.000904853    0.000811683
    2.935948511    0.000886361    0.000808829
    3.090472117    0.000864623    0.000803688
    3.244995723    0.000840392    0.000796840
    3.399519329    0.000814486    0.000788959
    3.554042934    0.000787578    0.000780863
    3.708566540    0.000760225    0.000773555
    3.863090146    0.000733079    0.000768257
    4.017613752    0.000706934    0.000766461
    4.172137358    0.000682570    0.000770034
    4.326660964    0.000660657    0.000781349
    4.481184570    0.000641903    0.000803451
    4.635708175    0.000627258    0.000840276
    4.790231781    0.000617900    0.000896978
    4.944755387    0.000615123    0.000980389
    5.099278993    0.000620440    0.001099568
    5.253802599    0.000636010    0.001266483
    5.408326205    0.000665037    0.001496859
    5.562849810    0.000711887    0.001811218
    5.717373416    0.000782131    0.002235956
    5.871897022    0.000882942    0.002804235
    6.026420628    0.001023923    0.003556355
    6.180944234    0.001218013    0.004538957
    6.335467840    0.001482422    0.005801949
    6.489991446    0.001840144    0.007392766
    6.644515051    0.002322415    0.009350185
    6.799038657    0.002971629    0.011702375
    6.953562263    0.003844113    0.014470787
    7.108085869    0.005013263    0.017671141
    7.262609475    0.006573890    0.021295453
    7.417133081    0.008646551    0.025277369
    7.571656687    0.011378676    0.029485162
    7.726180292    0.014940034    0.033780442
    7.880703898    0.019509945    0.038086032
    8.035227504    0.025247619    0.042366318
    8.189751110    0.032235459    0.046548427
    8.344274716    0.040412315    0.050507672
    8.498798322    0.049562739    0.054135408
    8.653321927    0.059422658    0.057390251
    8.807845533    0.069825416    0.060282145
    8.962369139    0.080629297    0.062831054
    9.116892745    0.091243814    0.065046800
    9.271416351    0.100212921    0.066934772
    9.425939957    0.105906733    0.068510256
    9.580463563    0.108164131    0.069807559
    9.734987168    0.108522686    0.070881880
    9.889510774    0.108031079    0.071809498
   10.044034380    0.105770721    0.072692587
   10.198557986    0.100463553    0.073671747
   10.353081592    0.092533542    0.074941682
   10.507605198    0.083693499    0.076749421
   10.662128803    0.075268972    0.079340533
   10.816652409    0.067566839    0.082841116
   10.971176015    0.060406904    0.087137543
   11.125699621    0.053773200    0.091882489
   11.280223227    0.048033645    0.096693713
   11.434746833    0.043811252    0.101387218
   11.589270439    0.041798069    0.105960647
   11.743794044    0.042700391    0.110323495
   11.898317650    0.047324838    0.114143545
   12.052841256    0.056714458    0.117027944
   12.207364862    0.072160688    0.118795483
   12.361888468    0.094756215    0.119541172
   12.516412074    0.124200459    0.119513842
   12.670935679    0.157339993    0.118984658
   12.825459285    0.188039970    0.118187543
   12.979982891    0.209867470    0.117308181
   13.134506497    0.220493524    0.116484422
   13.289030103    0.223244351    0.115805807
   13.443553709    0.222499846    0.115315402
   13.598077315    0.217593895    0.115014823
   13.752600920    0.203532320    0.114866546
   13.907124526    0.177880713    0.114787780
   14.061648132    0.144652028    0.114637042
   14.216171738    0.111175770    0.114204437
   14.370695344    0.083010239    0.113227126
   14.525218950    0.062039364    0.111452518
   14.679742555    0.047638980    0.108742739
   14.834266161    0.038422854    0.105160818
   14.988789767    0.033179229    0.100959644
   15.143313373    0.031068252    0.096454730
   15.297836979    0.031551143    0.091870651
   15.452360585    0.034283591    0.087308366
   15.606884191    0.038993449    0.082876165
   15.761407796    0.045355696    0.078823686
   15.915931402    0.052946022    0.075492277
   16.070455008    0.061345554    0.073122299
   16.224978614    0.070323425    0.071722562
   16.379502220    0.079835279    0.071103405
   16.534025826    0.089595518    0.070998542
   16.688549431    0.098491947    0.071166692
   16.843073037    0.104838115    0.071434311
   16.997596643    0.107870658    0.071696481
   17.152120249    0.108642383    0.071902138
   17.306643855    0.108442715    0.072039528
   17.461167461    0.106788884    0.072129052
   17.615691067    0.102220334    0.072226471
   17.770214672    0.094595497    0.072436439
   17.924738278    0.085402579    0.072930152
   18.079261884    0.076182335    0.073947326
   18.233785490    0.067531311    0.075749354
   18.388309096    0.059417810    0.078506458
   18.542832702    0.051842727    0.082170577
   18.697356308    0.045113322    0.086458264
   18.851879913    0.039733478    0.091013961
   19.006403519    0.036209682    0.095617227
   19.160927125    0.034985887    0.100196672
   19.315450731    0.036521702    0.104643325
   19.469974337    0.041428907    0.108684562
   19.624497943    0.050604912    0.111978413
   19.779021548    0.065288853    0.114301537
   19.933545154    0.086774883    0.115645883
   20.088068760    0.115374139    0.116184910
   20.242592366    0.148762863    0.116176965
   20.397115972    0.181198506    0.115877739
   20.551639578    0.205684110    0.115492627
   20.706163184    0.218730546    0.115163688
   20.860686789    0.222952315    0.114975174
   21.015210395    0.223128497    0.114965435
   21.169734001    0.219609039    0.115136227
   21.324257607    0.207819811    0.115453345
   21.478781213    0.184566615    0.115838176
   21.633304819    0.152673601    0.116155681
   21.787828424    0.119011229    0.116207532
   21.942352030    0.089658000    0.115742215
   22.096875636    0.067332703    0.114498092
   22.251399242    0.051937135    0.112287176
   22.405922848    0.042214934    0.109093436
   22.560446454    0.036889846    0.105117480
   22.714970060    0.035020628    0.100696137
   22.869493665    0.035966221    0.096118689
   23.024017271    0.039255686    0.091511625
   23.178540877    0.044449639    0.086940544
   23.333064483    0.051049682    0.082604150
   23.487588089    0.058542546    0.078850370
   23.642111695    0.066585135    0.075981537
   23.796635300    0.075141937    0.074074940
   23.951158906    0.084271068    0.072979546
   24.105682512    0.093489958    0.072437282
   24.260206118    0.101355012    0.072201954
   24.414729724    0.106285214    0.072093755
   24.569253330    0.108196978    0.072001148
   24.723776936    0.108516115    0.071863596
   24.878300541    0.107951881    0.071656849
   25.032824147    0.105332037    0.071388261
   25.187347753    0.099409948    0.071102615
   25.341871359    0.090722124    0.070895868
   25.496394965    0.080952775    0.070930465
   25.650918571    0.071346302    0.071438164
   25.805442176    0.062273154    0.072685669
   25.959965782    0.053776087    0.074882559
   26.114489388    0.046053932    0.078058610
   26.269012994    0.039509978    0.082010215
   26.423536600    0.034574673    0.086404086
   26.578060206    0.031581809    0.090968216
   26.732583812    0.030797566    0.095571645
   26.887107417    0.032540985    0.100116123
   27.041631023    0.037308486    0.104395778
   27.196154629    0.045880998    0.108101728
   27.350678235    0.059407479    0.110962774
   27.505201841    0.079277593    0.112883901
   27.659725447    0.106329571    0.113976990
   27.814249052    0.139193321    0.114485234
   27.968772658    0.172891230    0.114676061
   28.123296264    0.200145133    0.114769627
   28.277819870    0.216131989    0.114917207
   28.432343476    0.222300231    0.115208882
   28.586867082    0.223601853    0.115687581
   28.741390688    0.221563809    0.116356692
   28.895914293    0.212323435    0.117178787
   29.050437899    0.192058697    0.118070572
   29.204961505    0.162248252    0.118900566
   29.359485111    0.128980966    0.119489738
   29.514008717    0.098673530    0.119611189
   29.668532323    0.074979259    0.118997232
   29.823055929    0.058546745    0.117387834
   29.977579534    0.048393089    0.114651877
   30.132103140    0.043199470    0.110923176
   30.286626746    0.041866544    0.106577755
   30.441150352    0.043549283    0.101982768
   30.595673958    0.047525362    0.097273029
   30.750197564    0.053093346    0.092448429
   30.904721169    0.059603124    0.087651811
   31.059244775    0.066630827    0.083240233
   31.213768381    0.074136785    0.079578151
   31.368291987    0.082313873    0.076817928
   31.522815593    0.090980649    0.074863454
   31.677339199    0.098958363    0.073478984
   31.831862805    0.104492311    0.072413430
   31.986386410    0.106927608    0.071464466
   32.140910016    0.107496465    0.070485863
   32.295433622    0.107425569    0.069372460
   32.449957228    0.105858375    0.068046383
   32.604480834    0.100948812    0.066451046
   32.759004440    0.092407964    0.064550620
   32.913528045    0.081769245    0.062328904
   33.068051651    0.070696209    0.059781411
   33.222575257    0.059975396    0.056901122
   33.377098863    0.049811679    0.053670132
   33.531622469    0.040367500    0.050075386
   33.686146075    0.031907904    0.046149185
   33.840669681    0.024668984    0.041992707
   33.995193286    0.018734396    0.037732383
   34.149716892    0.014031469    0.033444661
   34.304240498    0.010397356    0.029156418
   34.458764104    0.007641930    0.024928436
   34.613287710    0.005582717    0.020895079
   34.767811316    0.004060218    0.017202087
   34.922334921    0.002943494    0.013933726
   35.076858527    0.002129556    0.011107620
   35.231382133    0.001539134    0.008709865
   35.385905739    0.001112006    0.006718310
   35.540429345    0.000803319    0.005104272
   35.694952951    0.000580379    0.003828436
   35.849476557    0.000419503    0.002842026
   36.004000162    0.000303409    0.002092906
   36.158523768    0.000219510    0.001531838
   36.313047374    0.000158802    0.001116088
   36.467570980    0.000114895    0.000810525
   36.622094586    0.000083166    0.000587311
   36.776618192    0.000060210    0.000424987
   36.931141797    0.000043571    0.000307331
   37.085665403    0.000031518    0.000222237
   37.240189009    0.000022815    0.000160775
   37.394712615    0.000016539    0.000116420
   37.549236221    0.000012006    0.000084445
   37.703759827    0.000008737    0.000061434
   37.858283433    0.000006403    0.000044921
   38.012807038    0.000004758    0.000033137
   38.167330644    0.000003614    0.000024825
   38.321854250    0.000002843    0.000019099
   38.476377856    0.000002364    0.000015338
   38.630901462    0.000002123    0.000013131
   38.785425068    0.000002084    0.000012228
   38.939948673    0.000002228    0.000012511
   39.094472279    0.000002567    0.000013980
   39.248995885    0.000003129    0.000016752
   39.403519491    0.000003953    0.000021075
   39.558043097    0.000005099    0.000027299
   39.712566703    0.000006670    0.000035800
   39.867090309    0.000008817    0.000046888
   40.021613914    0.000011726    0.000060755
   40.176137520    0.000015628    0.000077483
   40.330661126    0.000020875    0.000097081
   40.485184732    0.000027987    0.000119482
   40.639708338    0.000037638    0.000144538
   40.794231944    0.000050660    0.000172024
   40.948755550    0.000068227    0.000201682
   41.103279155    0.000092120    0.000233244
   41.257802761    0.000124618    0.000266441
   41.412326367    0.000167600    0.000300980
   41.566849973    0.000221263    0.000336560
