    0.000000000    0.000430287    0.000580574
    0.154523606    0.000545331    0.000637292
    0.309047212    0.000664628    0.000693727
    0.463570818    0.000783818    0.000749408
    0.618094423    0.000899250    0.000803887
    0.772618029    0.001007105    0.000856746
    0.927141635    0.001104173    0.000907582
    1.081665241    0.001188938    0.000955975
    1.236188847    0.001261185    0.001001468
    1.390712453    0.001320691    0.001043525
    1.545236058    0.001366807    0.001081491
    1.699759664    0.001399244    0.001114589
    1.854283270    0.001418614    0.001142032
    2.008806876    0.001425944    0.001163205
    2.163330482    0.001422017    0.001177785
    2.317854088    0.001407526    0.001185730
    2.472377694    0.001383597    0.001187198
    2.626901299    0.001351775    0.001182527
    2.781424905    0.001313477    0.001172243
    2.935948511    0.001269771    0.001157050
    3.090472117    0.001221723    0.001137764
    3.244995723    0.001170667    0.001115260
    3.399519329    0.001117968    0.001090501
    3.554042934    0.001064670    0.001064594
    3.708566540    0.001011583    0.001038824
    3.863090146    0.000959615    0.001014671
    4.017613752    0.000909842    0.000993860
    4.172137358    0.000863237    0.000978474
    4.326660964    0.000820534    0.000971084
    4.481184570    0.000782461    0.000974901
    4.635708175    0.000750005    0.000993988
    4.790231781    0.000724368    0.001033598
    4.944755387    0.000706776    0.001100635
    5.099278993    0.000698580    0.001204211
    5.253802599    0.000701711    0.001356324
    5.408326205    0.000719133    0.001572713
    5.562849810    0.000755004    0.001873906
    5.717373416    0.000814787    0.002286309
    5.871897022    0.000905678    0.002843092
    6.026420628    0.001037358    0.003584570
    6.180944234    0.001222771    0.004557406
    6.335467840    0.001479023    0.005811542
    6.489991446    0.001828962    0.007394450
    6.644515051    0.002303728    0.009344937
    6.799038657    0.002945678    0.011691182
    6.953562263    0.003811127    0.014454626
    7.108085869    0.004973493    0.017650951
    7.262609475    0.006527696    0.021272074
    7.417133081    0.008594510    0.025251451
    7.571656687    0.011321647    0.029457103
    7.726180292    0.014879185    0.033750448
    7.880703898    0.019446806    0.038054308
    8.035227504    0.025184135    0.042333234
    8.189751110    0.032173927    0.046514528
    8.344274716    0.040355153    0.050473584
    8.498798322    0.049512178    0.054101742
    8.653321927    0.059380499    0.057357573
    8.807845533    0.069792877    0.060250965
    8.962369139    0.080606700    0.062801821
    9.116892745    0.091229789    0.065019883
    9.271416351    0.100203552    0.066910448
    9.425939957    0.105896308    0.068488699
    9.580463563    0.108148409    0.069788836
    9.734987168    0.108502178    0.070865957
    9.889510774    0.108010505    0.071796242
   10.044034380    0.105755128    0.072681771
   10.198557986    0.100455415    0.073663058
   10.353081592    0.092532930    0.074934738
   10.507605198    0.083699508    0.076743812
   10.662128803    0.075280480    0.079335890
   10.816652409    0.067582508    0.082837192
   10.971176015    0.060425044    0.087134263
   11.125699621    0.053791837    0.091879905
   11.280223227    0.048050767    0.096691892
   11.434746833    0.043825079    0.101386177
   11.589270439    0.041807215    0.105960395
   11.743794044    0.042703936    0.110324117
   11.898317650    0.047322365    0.114145194
   12.052841256    0.056706092    0.117030741
   12.207364862    0.072147151    0.118799416
   12.361888468    0.094739036    0.119546074
   12.516412074    0.124182439    0.119519428
   12.670935679    0.157325438    0.118990581
   12.825459285    0.188033468    0.118193444
   12.979982891    0.209870829    0.117313725
   13.134506497    0.220503240    0.116489339
   13.289030103    0.223253426    0.115809907
   13.443553709    0.222503863    0.115318587
   13.598077315    0.217595227    0.115017081
   13.752600920    0.203537425    0.114867948
   13.907124526    0.177893812    0.114788476
   14.061648132    0.144672289    0.114637242
   14.216171738    0.111199379    0.114204387
   14.370695344    0.083033362    0.113227073
   14.525218950    0.062059311    0.111452649
   14.679742555    0.047654062    0.108743089
   14.834266161    0.038432085    0.105161213
   14.988789767    0.033182182    0.100959759
   15.143313373    0.031064973    0.096454286
   15.297836979    0.031542078    0.091869611
   15.452360585    0.034269558    0.087306914
   15.606884191    0.038975623    0.082874482
   15.761407796    0.045335559    0.078821771
   15.915931402    0.052925230    0.075489996
   16.070455008    0.061325773    0.073119548
   16.224978614    0.070306193    0.071719357
   16.379502220    0.079821835    0.071099872
   16.534025826    0.089586437    0.070994864
   16.688549431    0.098486585    0.071163058
   16.843073037    0.104834474    0.071430892
   16.997596643    0.107866406    0.071693409
   17.152120249    0.108636551    0.071899494
   17.306643855    0.108436433    0.072037342
   17.461167461    0.106784432    0.072127298
   17.615691067    0.102219649    0.072225068
   17.770214672    0.094599454    0.072435257
   17.924738278    0.085411071    0.072929022
   18.079261884    0.076194608    0.073946060
   18.233785490    0.067546248    0.075747786
   18.388309096    0.059434098    0.078504501
   18.542832702    0.051858925    0.082168316
   18.697356308    0.045127935    0.086456002
   18.851879913    0.039745094    0.091012129
   19.006403519    0.036217114    0.095616123
   19.160927125    0.034988256    0.100196242
   19.315450731    0.036518463    0.104643227
   19.469974337    0.041419870    0.108684436
   19.624497943    0.050590297    0.111978065
   19.779021548    0.065269350    0.114300900
   19.933545154    0.086751726    0.115644914
   20.088068760    0.115349340    0.116183538
   20.242592366    0.148739717    0.116175111
   20.397115972    0.181181812    0.115875340
   20.551639578    0.205678733    0.115489661
   20.706163184    0.218737643    0.115160180
   20.860686789    0.222966246    0.114971198
   21.015210395    0.223139528    0.114961111
   21.169734001    0.219611065    0.115131709
   21.324257607    0.207814669    0.115448812
   21.478781213    0.184560350    0.115833822
   21.633304819    0.152670349    0.116151698
   21.787828424    0.119011405    0.116204091
   21.942352030    0.089660205    0.115739446
   22.096875636    0.067335577    0.114496047
   22.251399242    0.051939833    0.112285750
   22.405922848    0.042216958    0.109092279
   22.560446454    0.036890896    0.105115992
   22.714970060    0.035020542    0.100693686
   22.869493665    0.035964936    0.096114991
   23.024017271    0.039253210    0.091506942
   23.178540877    0.044446049    0.086935449
   23.333064483    0.051045116    0.082599090
   23.487588089    0.058537188    0.078845456
   23.642111695    0.066579192    0.075976642
   23.796635300    0.075135602    0.074069885
   23.951158906    0.084264349    0.072974196
   24.105682512    0.093482299    0.072431552
   24.260206118    0.101345049    0.072195790
   24.414729724    0.106271544    0.072087121
   24.569253330    0.108179989    0.071994014
   24.723776936    0.108498885    0.071855930
   24.878300541    0.107938286    0.071648615
   25.032824147    0.105323749    0.071379406
   25.187347753    0.099405701    0.071093062
   25.341871359    0.090719502    0.070885508
   25.496394965    0.080949977    0.070919150
   25.650918571    0.071342482    0.071425681
   25.805442176    0.062267999    0.072671706
   25.959965782    0.053769467    0.074866751
   26.114489388    0.046045779    0.078040926
   26.269012994    0.039500229    0.081991726
   26.423536600    0.034563216    0.086387346
   26.578060206    0.031568458    0.090956112
   26.732583812    0.030782063    0.095565157
   26.887107417    0.032522974    0.100113260
   27.041631023    0.037287454    0.104392908
   27.196154629    0.045856276    0.108095770
   27.350678235    0.059378230    0.110952265
   27.505201841    0.079242457    0.112868744
   27.659725447    0.106286230    0.113957840
   27.814249052    0.139140479    0.114463127
   27.968772658    0.172836662    0.114652249
   28.123296264    0.200115072    0.114745483
   28.277819870    0.216162041    0.114894108
   28.432343476    0.222399120    0.115188085
   28.586867082    0.223725027    0.115670095
   28.741390688    0.221640855    0.116343161
   28.895914293    0.212314939    0.117169386
   29.050437899    0.191977270    0.118064975
   29.204961505    0.162131880    0.118897979
   29.359485111    0.128861931    0.119488990
   29.514008717    0.098569892    0.119610794
   29.668532323    0.074900167    0.118995295
   29.823055929    0.058497527    0.117381730
   29.977579534    0.048376630    0.114637902
   30.132103140    0.043215844    0.110896762
   30.286626746    0.041912636    0.106534766
   30.441150352    0.043618726    0.101921324
   30.595673958    0.047608694    0.097194291
   30.750197564    0.053178601    0.092355366
   30.904721169    0.059677188    0.087546850
   31.059244775    0.066681363    0.083123698
   31.213768381    0.074153528    0.079448328
   31.368291987    0.082287549    0.076672066
   31.522815593    0.090898741    0.074698724
   31.677339199    0.098801363    0.073293041
   31.831862805    0.104240955    0.072204659
   31.986386410    0.106586579    0.071232049
   32.140910016    0.107112150    0.070229746
   32.295433622    0.107063055    0.069093277
   32.449957228    0.105549202    0.067745370
   32.604480834    0.100667743    0.066129969
   32.759004440    0.092102031    0.064211720
   32.913528045    0.081398474    0.061974826
   33.068051651    0.070247642    0.059415106
   33.222575257    0.059455378    0.056525720
   33.377098863    0.049236335    0.053288892
   33.531622469    0.039758083    0.049691834
   33.686146075    0.031287990    0.045767408
   33.840669681    0.024061364    0.041617378
   33.995193286    0.018158271    0.037367820
   34.149716892    0.013500917    0.033093190
   34.304240498    0.009921050    0.028817646
   34.458764104    0.007223668    0.024600614
   34.613287710    0.005222375    0.020577390
   34.767811316    0.003754851    0.016895771
   34.922334921    0.002688346    0.013641568
   35.076858527    0.001918881    0.010832885
   35.231382133    0.001366866    0.008455530
   35.385905739    0.000972269    0.006486681
   35.540429345    0.000690736    0.004896783
   35.694952951    0.000490200    0.003645562
   35.849476557    0.000347632    0.002683319
   36.004000162    0.000246387    0.001957138
   36.158523768    0.000174469    0.001417209
   36.313047374    0.000123384    0.001020447
   36.467570980    0.000087163    0.000731563
   36.622094586    0.000061536    0.000522720
   36.776618192    0.000043406    0.000372574
   36.931141797    0.000030569    0.000265091
   37.085665403    0.000021496    0.000188393
   37.240189009    0.000015112    0.000133790
   37.394712615    0.000010630    0.000094992
   37.549236221    0.000007481    0.000067487
   37.703759827    0.000005273    0.000048048
   37.858283433    0.000003744    0.000034374
   38.012807038    0.000002702    0.000024839
   38.167330644    0.000002004    0.000018305
   38.321854250    0.000001556    0.000013990
   38.476377856    0.000001304    0.000011368
   38.630901462    0.000001213    0.000010119
   38.785425068    0.000001261    0.000010086
   38.939948673    0.000001443    0.000011261
   39.094472279    0.000001784    0.000013777
   39.248995885    0.000002323    0.000017942
   39.403519491    0.000003109    0.000024270
   39.558043097    0.000004218    0.000033460
   39.712566703    0.000005783    0.000046269
   39.867090309    0.000008006    0.000063331
   40.021613914    0.000011137    0.000085036
   40.176137520    0.000015503    0.000111541
   40.330661126    0.000021619    0.000142831
   40.485184732    0.000030287    0.000178749
   40.639708338    0.000042595    0.000218985
   40.794231944    0.000059947    0.000263101
   40.948755550    0.000084401    0.000310601
   41.103279155    0.000119222    0.000360977
   41.257802761    0.000168824    0.000413712
   41.412326367    0.000237233    0.000468260
   41.566849973    0.000325507    0.000524061
